-0.08290832  0.05656411  0.1449939  -0.13669725 -0.12300723 -0.04775821  0.03264726 -0.07200948 -0.06740441  0.12667108  0.14864741  0.05488997  0.14547658 -0.16678883  0.08934229 -0.07532358
 -0.15721872 -0.00629608 -0.10067943 -0.13746588 -0.12260415  0.04622657  0.0786403  -0.13853133 -0.15167166 -0.19499782 -0.12658945  0.08952339 -0.17660153 -0.07857043 -0.13383144 -0.08688108
  0.08620028  0.06810927  0.07893391  0.11290705  0.05058427 -0.11782367 -0.08035228 -0.12266319  0.06992546 -0.13167721 -0.1348352  -0.11106528  0.04068198  0.12486651  0.19533496 -0.1613616
 -0.05909733 -0.02490521  0.07761671  0.00201235 -0.01063447  0.09330113 -0.0239322   0.04746806  0.10252269 -0.05094955  0.07483366 -0.03640846  0.0509201  -0.05636846  0.22805806 -0.17794706
 -0.07631017  0.07087898 -0.05637123 -0.03748952  0.07420135 -0.03759786 -0.10522803  0.07415534 -0.04922994  0.1211631   0.05620658  0.05880021 -0.05196156  0.02436351 -0.09164757 -0.15337583
 -0.09381579  0.05771045  0.04394644  0.11267775  0.04984962  0.11531291 -0.07591393 -0.10962113  0.11337293 -0.07399858 -0.04552287  0.06341567  0.15981092  0.09277041  0.1293682  -0.06240582
 -0.10360418 -0.07021502  0.13664931  0.12749644 -0.06265377 -0.14356488 -0.06288838  0.06622659 -0.14795764  0.19050336  0.10768478 -0.105998    0.05199607 -0.042068   -0.03207014  0.04178175
 -0.10815312  0.09911399  0.08333973 -0.06458205  0.01319887  0.03109261 -0.00511789 -0.03547902  0.17596799  0.09048949  0.1300056  -0.02387881 -0.06119194 -0.06032754  0.06473408  0.00949537
  0.14891207  0.07074062 -0.01661406  0.12684596  0.09020902 -0.09410342 -0.0958131  -0.1217109   0.00547142 -0.01999041 -0.0903435  -0.14371862 -0.06488831 -0.12559111  0.06469254 -0.07056937
  0.00401624  0.10833304  0.01450991  0.14738324 -0.0964744  -0.11621721  0.1582135  -0.10388917 -0.06581695 -0.12952918 -0.05358838  0.0990174   0.02397242  0.1789681  -0.16681863 -0.04500769
 -0.1496776  -0.10638034  0.1517669   0.09051448 -0.1034155  -0.10705989  0.0713421  -0.0806611  -0.02600492 -0.09336503 -0.145811   -0.07602157 -0.08767331  0.23473981 -0.01441208  0.08725574
 -0.075807   -0.1300243  -0.07529835 -0.15498608 -0.00832636  0.07412511 -0.04551185 -0.11405125  0.08972544 -0.06705222  0.10933474  0.1385346  -0.08728633  0.1357697   0.19327939 -0.13463815
 -0.09475286 -0.16583295  0.12659273  0.1336234   0.0945983   0.14662534  0.14430732  0.12347939  0.12578323  0.13234851 -0.12683357 -0.05024684 -0.13329847 -0.0157623  -0.08246896 -0.1220685
  0.15971547 -0.08274374 -0.03955075 -0.11226159  0.03228945 -0.05930793 -0.10304981 -0.08181003  0.0965668  -0.07140939  0.18997863 -0.14993466  0.18590713 -0.07720473  0.15495464  0.16122748
 -0.07753676 -0.12001269  0.13931906  0.08414379 -0.05824458 -0.11347278  0.00415712  0.10412186  0.10862329 -0.00536497 -0.12124758  0.13947262 -0.01636395  0.2247812   0.14255019  0.03032772
  0.08992748  0.08217746  0.07037657 -0.02166059 -0.10019785 -0.01328581  0.10698594  0.04265594  0.18994895  0.00400751 -0.09729791  0.16053602  0.1567027   0.15329896 -0.0804206  -0.14532639
  0.01018679 -0.10661291  0.14947598 -0.05618368  0.09031131  0.11417677 -0.06129606 -0.10707887 -0.14779095  0.01849721  0.13321741  0.05258157  0.03586783 -0.12332131  0.09754502  0.12358788
 -0.12443562  0.09013994 -0.0406331   0.03642822 -0.10092444 -0.02599082 -0.05481577  0.10737026  0.08509247  0.08629611 -0.05671457  0.13743228 -0.18089508 -0.12589452  0.09289145 -0.03800227
  0.0838008  -0.01215987  0.10627939 -0.14269596  0.1194457  -0.1119983   0.08956092 -0.05777796  0.11470049  0.11638745 -0.1353136  -0.00668973 -0.0083927  -0.03719956  0.19922465 -0.14797953
 -0.05147258 -0.07692475 -0.04622867  0.06356149 -0.04121814 -0.07329115  0.15721801  0.08913077 -0.08644165  0.09244041 -0.0613182   0.12137669  0.06520571  0.05795775  0.07586094  0.06355464
  0.04697177  0.04186077 -0.06402616  0.05614046 -0.10106216  0.14573027 -0.12505414 -0.06585791 -0.03953999 -0.07110731 -0.08171223 -0.0848095   0.00278093 -0.15399466 -0.13010332  0.05102406
 -0.04731476 -0.11416532 -0.10492023 -0.03688547  0.06589372  0.02945562  0.11476041 -0.04458855 -0.09443253 -0.07414893 -0.00953982  0.06254093  0.03120041 -0.09460647 -0.03274744 -0.05874718
 -0.07189077  0.12569633 -0.11116938 -0.01120748  0.1062382   0.04313552  0.05805372  0.03047444 -0.01906686  0.21060887  0.05463457  0.0020992   0.12384685 -0.01748671  0.01861666  0.11492067
 -0.08495898  0.10145042 -0.07430062 -0.09906162  0.06421973  0.07601999 -0.04566537  0.08530261 -0.04151624 -0.12169065 -0.04599658 -0.03645291 -0.0664783   0.01132126  0.11311987  0.06200311
 -0.0680591  -0.09055373  0.05221708 -0.09118747 -0.04862349  0.11332964 -0.09492397  0.0982797  -0.06952926  0.14331949  0.12121214 -0.06968191  0.09851066  0.03772698 -0.09325211  0.11479568
  0.04967828 -0.11815338  0.04356847  0.02258079 -0.00103015  0.07121514 -0.07417768  0.0992984  -0.06837299  0.06835603  0.01467169 -0.00568107 -0.18280554 -0.13910809  0.06221257 -0.03774218
 -0.08638281 -0.09889802 -0.00776749 -0.03619098  0.10749275  0.04102911 -0.15007752  0.01118736  0.10575151  0.04469809  0.04501718 -0.04755239  0.05167964 -0.0502678   0.02714855  0.00849178
  0.1330111  -0.00886043 -0.08866657 -0.02096911  0.04512831 -0.12108569  0.01209495 -0.08705355 -0.08620107  0.10148255  0.089982   -0.01490136 -0.11232729  0.09218884  0.01872034  0.06642456
  0.0690132  -0.02930231  0.11673428  0.08524223  0.07861286  0.0481834   0.01653395  0.0293231   0.12483484 -0.12387097  0.02857086  0.0795499  -0.1008569  -0.17073324  0.01805136 -0.13351822
 -0.05167829 -0.14371929  0.06235465  0.11994357 -0.05541724 -0.04429166  0.10813513 -0.09545041 -0.13269252 -0.02680804 -0.03398649  0.05656812  0.08216334 -0.09788207 -0.06878948 -0.06363734
 -0.08405965  0.08817884 -0.12612171 -0.07859677  0.11852883  0.06282687  0.10015538  0.02980095  0.11655752  0.06078633 -0.08422245 -0.10504824  0.04469156  0.03362901 -0.03729367 -0.10384366
 -0.1318274  -0.12267703 -0.0943754   0.03054047 -0.14618056  0.0800747   0.09612102 -0.0457316  -0.05815051  0.08496008  0.05732745 -0.02293349 -0.01211154 -0.02284999  0.10019267  0.06734773
 -0.05572171 -0.07430784  0.14930138  0.11087689 -0.10410383 -0.01943224 -0.00116322  0.1012101  -0.13458359  0.11774502  0.02648477  0.05654984 -0.08258846 -0.03619025 -0.08776514  0.04532307
 -0.09958064  0.05814715 -0.07681739 -0.0495923   0.10671847  0.0650045  -0.07580266  0.11281326  0.10984142  0.09239216  0.08533719 -0.10613751 -0.16685744 -0.1187335  -0.09986287 -0.07619188
  0.02338667  0.11205041 -0.11774771  0.05082337  0.12220301  0.05827242 -0.08782908 -0.09799259 -0.09507792  0.10003293  0.05575412  0.13725159 -0.133535   -0.04114473  0.2107046  -0.13033469
 -0.05744386 -0.11652883  0.12098593  0.02249679  0.11459394 -0.1435149   0.1706925   0.05268575 -0.09686262  0.07787646 -0.07862133 -0.0146976  -0.09074306 -0.05006726  0.09656991  0.0794552
 -0.1232653  -0.07396675  0.0553705  -0.0662637  -0.0601602  -0.01259317 -0.11364835  0.09150785 -0.03439364 -0.09171145  0.0026676   0.14875641 -0.08203682 -0.05899118 -0.13186783  0.01709717
 -0.08961511 -0.08706865 -0.07710864 -0.07410693 -0.13148525 -0.02606841 -0.10167015  0.05303767 -0.13048579 -0.11202431  0.06592844  0.07238851 -0.02662629 -0.07175759 -0.0463597   0.07786232
  0.09752292 -0.08134329 -0.10525044 -0.05970135  0.09221151  0.07192226 -0.07379476 -0.0506666   0.02011614  0.19751576 -0.01730044 -0.0654721   0.12117139 -0.00214083  0.14271092  0.10198551
 -0.01348218  0.01489156 -0.08468063  0.0500313  -0.1283972   0.01289442 -0.03540551 -0.129109    0.00701003 -0.03757943 -0.00289619  0.04925617 -0.01186394 -0.07500465 -0.12406158  0.08362222
  0.06739164 -0.09200719 -0.01774462 -0.08682518 -0.03887296  0.08918054 -0.09866864  0.11533955  0.07264892 -0.00864022  0.12468432 -0.08578393 -0.04971654 -0.13267061 -0.10375734 -0.0496885
 -0.09266616 -0.12525462  0.11540447  0.06208821  0.10881628  0.12249146 -0.05752017 -0.01175486  0.10875356  0.0804221   0.09445815 -0.03221072 -0.16721283 -0.14119776 -0.01891689  0.113878
 -0.03682454 -0.05879948  0.04802791 -0.07379968  0.1118888   0.07503115 -0.14228207 -0.11024083  0.09357235 -0.02908937  0.03475673  0.02087924  0.02178765 -0.04334219 -0.01025233  0.04498936
  0.12775886  0.09057853 -0.05658963 -0.12291533 -0.02999722 -0.11832096  0.12464293 -0.09793565 -0.07994629  0.10268965 -0.01271793  0.08338073 -0.01699722  0.06956834  0.01950127  0.00027635
  0.07300773  0.07248337  0.13492523  0.00710116  0.05875506  0.15442693 -0.10482198 -0.04197901  0.17020503 -0.10810459 -0.05189546  0.01630356  0.08257169 -0.11724485 -0.12120748  0.0355693
 -0.08233833 -0.14822847  0.07085375  0.09037996 -0.15069786 -0.03844903  0.11104653 -0.11935018 -0.14625065  0.07293969 -0.03700368 -0.03687636 -0.0527475  -0.08047494 -0.06635465  0.04431832
  0.11126518  0.10333646 -0.1267743  -0.05015623  0.10002985  0.00795221  0.1294766   0.09233773 -0.01318556  0.08594844 -0.01553817 -0.08455554 -0.04668497 -0.01162485 -0.00884125 -0.09286483
 -0.11786059 -0.0868367  -0.06899219 -0.00189356 -0.1050104   0.09662758  0.11750822 -0.11547743 -0.04466846  0.04989688 -0.03985918  0.07160201  0.03244296 -0.06174591  0.1067398   0.09246068
 -0.07846768 -0.09506809 -0.06613608 -0.06108896 -0.03799208  0.11706346  0.11255994  0.01122599 -0.12247578 -0.070587    0.09300237 -0.11697395  0.00278384  0.01940012  0.10378008  0.12671389
 -0.07179368 -0.08588973  0.12296018  0.14047496  0.0678496  -0.06426192 -0.05929096 -0.10548255 -0.02772379 -0.04859604  0.0962995   0.02821205  0.03655105 -0.12393589  0.08866798  0.14068832
  0.10805013 -0.00169783 -0.09727369 -0.10698389 -0.17163329  0.06826607  0.07449786  0.08070549 -0.09345891  0.10461851 -0.16867408  0.13835648  0.11780614 -0.04218216  0.01053327 -0.14530437
  0.14455204 -0.07706897 -0.10600024  0.07171312 -0.1003508  -0.11901302  0.07074462 -0.03471495 -0.08060259 -0.09173349 -0.10599816  0.14023696 -0.11907713 -0.0782477   0.07382914  0.08163574
 -0.04837603 -0.10797025 -0.01913086 -0.04499164 -0.07066846  0.14076993  0.07542322  0.08307221 -0.04206385 -0.09490702  0.05720762  0.01168027  0.09556485 -0.12648866 -0.11315652 -0.1669881
 -0.08191765 -0.10897149  0.08700088 -0.07946082 -0.07519672  0.1561026  -0.09954474  0.03072171 -0.1238766  -0.11111111  0.1188423   0.06533929  0.08270677 -0.06707826 -0.0201258  -0.04445558
 -0.05643259  0.14137094  0.06491511 -0.01758372 -0.16141342  0.05795896  0.1188345   0.07844415  0.13776857  0.06387037 -0.03123795  0.14304514  0.13449283 -0.04145104  0.16294608  0.1128481
 -0.0252776  -0.0149051  -0.10106801 -0.14266005 -0.10830408 -0.01752594  0.16809295  0.02984928 -0.04057723 -0.11457008  0.0073993  -0.06035275 -0.05549269 -0.09566971  0.0437449  -0.01446291
  0.1264525   0.07762546  0.08066233  0.0816433   0.01469538  0.13148203  0.0986372   0.08314864 -0.15675884  0.06817949 -0.00523721 -0.14643227 -0.0470214   0.02544328 -0.11635882  0.01471723
  0.09556671 -0.12860692  0.07943998 -0.06281522  0.10959943  0.12574641  0.15564762  0.12173719  0.1145203   0.03360568 -0.1266025  -0.03250062 -0.16386941 -0.10599758 -0.04423265  0.07510925
  0.02605619 -0.09546515 -0.08974846 -0.06978451  0.11961859  0.01022828 -0.07337323 -0.11616397  0.10356257  0.08669493  0.04305895  0.12563907  0.11590879 -0.03819066  0.02314239 -0.15066147
 -0.05689212  0.01433944  0.12151726 -0.09090034  0.08050758  0.09904243  0.16661952  0.09182719  0.11073818 -0.10672481 -0.06788699  0.04345378 -0.04866435 -0.01643073  0.00503082 -0.12692428
  0.01303607  0.06386191  0.05041971 -0.03209569 -0.05969502  0.04647604 -0.10536086 -0.08717441  0.15221556 -0.05125779  0.05415481 -0.02321    -0.13066415  0.07705066  0.05765149  0.01767951
 -0.07395744 -0.08684134 -0.08802193  0.07983358 -0.1410837  -0.05611169  0.11094289 -0.14450307 -0.1548606   0.09861296  0.03187139 -0.15314381  0.01097987 -0.08204982  0.04776962  0.13904092
  0.09722397  0.0483498  -0.1330794  -0.10045627  0.13802268 -0.17125499 -0.11280321 -0.10404154 -0.00637046  0.07145949  0.09761639 -0.09573659 -0.08126643 -0.02247545 -0.04116882 -0.10686256
  0.10128884  0.13922139  0.06702329 -0.08437434 -0.12679437 -0.14124668 -0.0617599  -0.09272152 -0.03653863 -0.09652828 -0.05206942 -0.05046797  0.0508744  -0.12220342  0.12333063 -0.14999051
  0.1397495   0.12906267 -0.0464301   0.12097254 -0.09959455 -0.09656562 -0.03328769 -0.13994768  0.05964804  0.1352721  -0.05775826  0.05567194  0.14837511 -0.03429918  0.03945221  0.02715517
  0.07626375 -0.11886653 -0.06685288 -0.10502247 -0.09018842  0.13278314 -0.02517523 -0.12518625 -0.11869939 -0.08648524 -0.12522013  0.12756753  0.05450283  0.13888238 -0.08176944 -0.02974221
 -0.09857628  0.09711068  0.08304562 -0.08626523 -0.06792661 -0.11756567 -0.06184497  0.11212732  0.08859816 -0.12195265 -0.15524636 -0.01909801 -0.11777209  0.22592174  0.1900534  -0.14548123
  0.14763395  0.12047045  0.044891    0.05597004  0.10544889 -0.11946027  0.17371668 -0.11570066 -0.11964611  0.10971832  0.0819493   0.13102318  0.04650132 -0.13449639  0.07437029 -0.1667955
  0.10153782 -0.13337113 -0.06406307  0.11529378  0.03717776 -0.01297765 -0.07719832 -0.12533565 -0.10240795  0.13066809 -0.10197486  0.13317573  0.08324556 -0.1549064   0.0473779  -0.14451578
 -0.09813052  0.09527268 -0.10746872  0.07721414  0.03992433  0.12025943 -0.12675373  0.11359769  0.04294506  0.02186446 -0.0396514  -0.19348812  0.18415321  0.11692524  0.1594806  -0.01895959
 -0.0555369   0.11622108  0.14111798 -0.06583177 -0.02376862 -0.09608041 -0.05432691 -0.11961368 -0.03560519  0.1405414  -0.12658572  0.18316346 -0.07885573  0.22609818  0.05095788 -0.09547291
 -0.13475484  0.12744646 -0.11253272 -0.05283774  0.00742547 -0.00829878 -0.01177936  0.05838016  0.19303851  0.073361    0.11728499  0.17248024  0.16868179 -0.04277404 -0.10995283 -0.16506079
  0.16241711  0.07002401  0.08856431 -0.06147093  0.10351811 -0.05327531  0.09268536 -0.14569129  0.00797396 -0.0694931   0.00668825 -0.09590141  0.14997557 -0.1626187  -0.07561363 -0.09024805
 -0.07883113  0.01185673 -0.13496624  0.14208049 -0.14098363 -0.04025836  0.15190755 -0.08737787 -0.13038671 -0.15234672 -0.10759577  0.04479794 -0.1386351   0.1730611  -0.18523706  0.10620253
 -0.13539545 -0.12470277  0.09523527  0.07534142 -0.1236194   0.0161447   0.07344172  0.12234386  0.1071074  -0.01741407  0.01810972 -0.13048959 -0.07809374  0.22845009  0.0553581   0.0806516
  0.05011706 -0.07677048  0.02249313 -0.14806478  0.15160303  0.08133937 -0.03303935 -0.11571552  0.11655988 -0.0447056  -0.12524192 -0.07718431  0.02565864  0.06098456  0.17457478 -0.14011553
 -0.09859499 -0.16992585 -0.08021323 -0.0067862  -0.10260862 -0.01785585  0.14086191  0.0057766   0.1478831  -0.06703121  0.11082101 -0.04472512 -0.1609767  -0.08728445 -0.07279552 -0.06051349
  0.1649577   0.10085705 -0.07782201  0.09797452 -0.06477606  0.12445357  0.06825465  0.10935944  0.11393307  0.10093367  0.19388843 -0.1334028  -0.04305533  0.09903273 -0.01515926  0.06768564
 -0.09796429 -0.10221773  0.12376469  0.11518953 -0.01151617 -0.09046099 -0.02602883 -0.08136179 -0.07370032  0.09209441 -0.12969483  0.16364889 -0.11817197  0.21728683 -0.06517062 -0.01199428
  0.08849034 -0.03122036 -0.13932826  0.09969516 -0.08024332 -0.11044203  0.15187576 -0.00506731  0.07284519  0.05345109  0.11199555  0.17831218 -0.02261562  0.14865546 -0.01342521 -0.14367367
