[array([[[[ 1.25271231e-01,  1.08529568e-01,  4.55038510e-02,
          -5.64911999e-02,  7.44725317e-02,  1.14163935e-01,
           1.00266421e-02,  4.47877161e-02,  5.83358668e-02,
          -4.79410402e-02, -1.97396446e-02, -5.97393401e-02,
          -8.83958340e-02, -1.39359564e-01,  3.89732718e-02,
          -7.39421844e-02, -3.79193984e-02,  9.32844356e-02,
           1.00195713e-01,  4.60474417e-02, -1.27972707e-01,
           4.26416546e-02, -1.12379782e-01,  1.06311120e-01,
           1.24778405e-01, -6.57299981e-02,  1.11427695e-01,
          -5.10942005e-02, -2.60544587e-02, -5.68641648e-02,
           1.26744449e-01,  3.96202467e-02],
         [-1.20879121e-01, -1.36599600e-01,  2.53452342e-02,
          -1.34447515e-02,  4.64793183e-02,  2.37865257e-03,
           7.52687678e-02, -3.94944176e-02, -8.56008679e-02,
           9.16569903e-02,  7.02100769e-02,  2.39332113e-02,
           4.13489267e-02, -1.18614011e-01, -4.57279347e-02,
           1.08781360e-01,  3.31164524e-02,  9.18942019e-02,
          -6.74606338e-02, -1.35157242e-01,  9.50077996e-02,
          -7.40164146e-02,  1.14103414e-01, -4.55438904e-02,
          -1.13492355e-01, -8.55600089e-02, -1.36711076e-01,
          -5.07236123e-02,  1.33549333e-01, -3.56040336e-02,
          -7.20176697e-02,  1.09290898e-01],
         [ 1.17982015e-01, -7.83443749e-02,  1.03717126e-01,
          -5.47829308e-02, -1.32056117e-01, -1.38000296e-02,
          -7.40801990e-02, -9.62531380e-03,  3.38577218e-02,
          -1.13048650e-01, -9.38499048e-02, -2.42726970e-02,
          -9.73040238e-02,  3.69025059e-02, -9.30710435e-02,
          -1.42715219e-02, -4.79933619e-02,  1.35637820e-01,
           8.79503116e-02,  5.12239635e-02,  1.04806244e-01,
          -1.26085296e-01,  1.01702243e-01,  1.37167916e-01,
           3.85206193e-02, -3.64559665e-02, -1.26946047e-01,
          -1.03219584e-01, -1.30209297e-01,  3.36836427e-02,
           1.62369478e-02, -3.52365635e-02]],

        [[-1.18171915e-01,  8.96387175e-02, -8.36153850e-02,
           3.51307839e-02, -5.52495383e-02, -1.20991051e-01,
          -7.22484291e-02, -3.21708736e-03,  1.32494733e-01,
           7.26007074e-02,  1.46863936e-02, -1.25286147e-01,
          -9.78194252e-02, -9.51663852e-02,  1.06931686e-01,
           1.23185344e-01, -1.06911100e-01, -1.50150787e-02,
           1.10412560e-01, -8.13053995e-02, -1.07967108e-01,
          -6.52634874e-02,  1.03298545e-01, -7.89670125e-02,
           6.09693490e-02, -1.79109536e-02, -5.24150990e-02,
           1.04448572e-01, -7.01262024e-06, -9.01338682e-02,
          -1.01156510e-01,  1.19274534e-01],
         [ 4.21409905e-02, -1.93067361e-02, -5.83249554e-02,
          -1.21878266e-01, -1.12818807e-01,  1.83381625e-02,
          -3.53282504e-02, -8.38039219e-02, -1.05833642e-01,
          -7.36134276e-02,  6.56630248e-02, -1.02123357e-01,
          -1.41407372e-02, -7.83676878e-02,  2.25398075e-02,
          -5.32504097e-02, -6.47215694e-02,  1.17783971e-01,
          -6.90511167e-02, -4.02861014e-02,  1.31556332e-01,
           1.34429514e-01,  9.63498950e-02, -1.26612440e-01,
           1.21167779e-01, -1.29366383e-01,  1.28311813e-01,
           9.72243473e-02, -1.84801798e-02, -7.88928643e-02,
           9.07027721e-02,  3.43811139e-02],
         [-1.16068467e-01, -1.05837464e-01, -7.56067708e-02,
           5.02483696e-02, -6.01579137e-02,  8.83915424e-02,
          -1.24513030e-01, -3.18086185e-02, -1.17302209e-03,
           2.07723118e-02, -4.40361537e-02,  1.33533970e-01,
           7.72555470e-02, -1.11197442e-01, -4.07273434e-02,
           5.21826334e-02, -6.60685748e-02, -6.56734332e-02,
          -9.64932144e-02, -2.76805107e-02, -6.08526729e-02,
          -3.60285789e-02, -5.70797734e-02, -1.14327572e-01,
           1.68330092e-02, -7.30702728e-02, -2.60898061e-02,
          -9.72326249e-02, -5.45625240e-02,  3.59338559e-02,
           6.26058951e-02, -1.36790380e-01]],

        [[ 1.43929422e-01,  5.94269857e-02, -1.25764422e-02,
          -1.22075111e-01,  2.09347662e-02,  1.19314887e-01,
           7.16630667e-02, -1.15923420e-01, -8.66055340e-02,
          -8.42459425e-02,  7.36597478e-02,  8.04805532e-02,
          -5.56842051e-03,  1.03459001e-01,  2.81125102e-02,
          -5.08517735e-02, -3.32828201e-02,  8.20099041e-02,
           8.44287872e-02,  1.38290627e-02, -1.12377480e-01,
          -3.93335260e-02, -5.57182990e-02,  4.64320891e-02,
           5.72857670e-02,  9.14807767e-02, -1.31942496e-01,
           7.77317360e-02,  1.08054662e-02,  7.75227621e-02,
           6.97901472e-02,  7.04513267e-02],
         [-4.26822752e-02, -2.50374004e-02, -4.49656844e-02,
           3.95529382e-02, -1.23583071e-01,  3.55534665e-02,
           7.68524557e-02, -2.98300702e-02,  5.70551679e-02,
          -2.33068652e-02,  8.80686641e-02, -8.57075155e-02,
           4.30939756e-02, -7.43153319e-02,  2.05000173e-02,
           8.70798603e-02, -4.16232608e-02,  1.03031971e-01,
          -1.18508779e-01, -9.78365913e-02,  8.28154907e-02,
          -5.47194518e-02, -1.11442253e-01, -7.56410137e-02,
           1.31204486e-01,  1.25903040e-01, -5.79420514e-02,
          -4.47633415e-02, -3.85194132e-03, -9.40970629e-02,
          -9.22224224e-02, -6.97682649e-02],
         [-2.56383214e-02, -4.29399386e-02, -7.73805752e-02,
          -5.00468165e-02, -1.07264444e-01,  1.70317478e-02,
          -8.88426080e-02, -2.61618532e-02,  6.38340935e-02,
          -1.05321161e-01, -2.18439382e-02,  2.31853395e-04,
           1.20975047e-01,  8.98416266e-02, -1.08649872e-01,
          -1.01598188e-01, -3.20922211e-02,  7.84519687e-02,
          -9.32473838e-02,  8.86439085e-02, -8.72151926e-02,
           4.46118647e-03,  1.04705811e-01, -7.98547864e-02,
           1.09470628e-01, -4.78769355e-02, -7.23397285e-02,
          -1.59066990e-02,  2.19033509e-02, -4.66262922e-03,
           9.06668305e-02, -1.46266455e-02]]],


       [[[ 3.40977460e-02, -9.96886417e-02,  1.06448300e-01,
          -1.03232503e-01,  9.90867615e-02, -1.17708063e-02,
          -5.46833575e-02, -8.22380260e-02,  2.33970098e-02,
           3.50775681e-02, -6.15301952e-02, -8.62537622e-02,
           2.38321163e-02,  1.01906538e-01, -7.36629143e-02,
          -1.15669869e-01, -2.55267136e-02, -2.44162176e-02,
          -5.81114739e-02,  9.10362378e-02,  1.13493122e-01,
          -3.43124680e-02, -5.77495806e-02, -5.09900041e-02,
          -1.55558707e-02, -1.29523687e-02, -5.33919148e-02,
           4.07112241e-02, -8.65285769e-02,  8.80501866e-02,
           4.31933552e-02, -9.77945700e-02],
         [ 1.78953186e-02, -6.87704086e-02, -4.19128546e-03,
          -6.16639219e-02, -1.12732343e-01, -2.60027926e-02,
          -1.20781824e-01,  4.86984439e-02,  2.16102432e-02,
          -1.45796344e-01,  1.09910443e-01,  2.24668387e-04,
          -6.67427108e-02, -2.82403547e-02, -4.32521477e-02,
           8.30958486e-02,  3.02874502e-02, -8.41951296e-02,
          -6.38661310e-02, -8.71428400e-02, -1.92917157e-02,
          -3.78023125e-02,  7.60203749e-02,  6.69435784e-02,
          -6.49170354e-02,  1.30359739e-01, -9.70944948e-03,
          -1.23949148e-01, -1.26678601e-01, -6.36639595e-02,
          -9.86049622e-02,  6.21222593e-02],
         [ 3.57844047e-02, -1.05092891e-01,  5.72894104e-02,
           4.24531437e-02, -8.24456215e-02,  1.15768917e-01,
          -9.06657651e-02, -2.66252924e-03,  6.99179620e-03,
           5.35070375e-02,  9.20876488e-02, -4.82388996e-02,
           4.63329554e-02,  3.03629991e-02, -1.28244549e-01,
           1.09709859e-01, -1.07090265e-01,  4.92704287e-02,
          -2.79357340e-02, -9.22155157e-02, -4.06371839e-02,
           1.22993410e-01, -4.65394147e-02,  1.03499435e-01,
          -3.11656892e-02, -2.19897423e-02,  1.37367800e-01,
           6.82454854e-02,  3.66212092e-02,  2.48410814e-02,
          -7.73626119e-02,  4.90490384e-02]],

        [[ 1.24263965e-01, -1.28000543e-01,  3.71161141e-02,
           7.53235593e-02, -6.51540160e-02,  3.35849710e-02,
          -1.45330681e-02,  3.36366557e-02, -3.09568122e-02,
           7.20666349e-02, -3.35483477e-02, -8.52818713e-02,
          -2.33735833e-02,  1.25474989e-01,  6.81348145e-02,
          -3.35721672e-02,  7.83497766e-02, -5.07604592e-02,
          -4.75056916e-02,  7.09000567e-04,  1.19818747e-02,
           5.32186963e-02, -3.35088409e-02, -5.79728745e-02,
          -1.70764781e-03, -3.23648825e-02, -6.10103346e-02,
           8.10530409e-02,  5.95544651e-02, -7.94839934e-02,
           6.77393517e-03, -4.87725921e-02],
         [-8.19761604e-02, -8.02692920e-02, -4.44772542e-02,
          -6.91740289e-02, -7.73276165e-02, -6.30616844e-02,
          -7.84469470e-02, -1.10118620e-01, -8.51935893e-02,
          -8.37505758e-02, -9.50297639e-02, -1.08277686e-01,
          -1.21606849e-01, -1.31114841e-01,  8.12794045e-02,
           9.44463834e-02,  9.64829251e-02, -1.11097768e-01,
           2.18202379e-02,  6.61645224e-03, -5.36735728e-02,
          -7.24941073e-03, -1.09655149e-01, -6.51396159e-03,
           3.80516378e-03, -3.12382169e-02,  1.03999950e-01,
          -7.95961022e-02, -2.63719074e-02,  1.71512514e-02,
           1.30822241e-01,  1.31348923e-01],
         [ 6.75376877e-02, -8.64104703e-02, -7.33831748e-02,
          -5.74302860e-03,  1.25193059e-01,  3.32131200e-02,
           1.28473043e-01,  4.93590301e-03,  1.42445773e-01,
           8.55018571e-02, -1.43927755e-02, -8.83923098e-02,
          -7.18517154e-02, -1.22680627e-01, -3.87455970e-02,
           4.92249103e-03,  5.09643294e-02, -1.22931801e-01,
           5.27824312e-02,  1.18349843e-01,  5.75067662e-02,
           4.19402309e-02,  5.93356416e-02, -8.86149928e-02,
          -1.05173126e-01,  1.05866179e-01,  1.23148650e-01,
          -8.94485449e-04, -3.30750495e-02, -3.38095706e-03,
          -7.82782733e-02, -1.04638182e-01]],

        [[ 2.99195829e-03, -1.02179445e-01, -1.14881203e-01,
          -1.03273503e-01,  5.26423901e-02,  7.07988674e-03,
           2.10791323e-02,  6.69413060e-02,  1.99480131e-02,
          -9.95516032e-02,  3.75927128e-02,  2.20051073e-02,
           1.22240260e-01, -1.31288111e-01, -5.47351651e-02,
           6.97430149e-02, -3.35492231e-02,  2.57952791e-03,
           1.00147165e-01,  7.63854161e-02, -6.51745647e-02,
          -1.81215648e-02,  5.39318249e-02,  8.29594210e-02,
          -4.25595939e-02, -1.25951068e-02,  6.64663911e-02,
           7.80139789e-02,  9.96181145e-02, -4.05338816e-02,
           1.07363351e-01,  7.54823685e-02],
         [ 1.08261228e-01, -1.24089800e-01, -5.02087548e-03,
           5.17975911e-02,  9.57461819e-03, -3.04166544e-02,
          -1.18924798e-02,  7.04510212e-02, -4.40618023e-02,
           4.24418561e-02,  1.10310324e-01, -1.01008393e-01,
          -7.77595788e-02,  2.54382659e-02,  2.23424695e-02,
          -1.15573265e-01,  6.93673342e-02,  7.27149285e-03,
          -1.21054128e-02, -4.68495395e-03,  4.80636954e-02,
          -1.92602202e-02,  3.19498666e-02,  8.32481869e-03,
           7.11847693e-02,  1.37546778e-01,  6.28901273e-02,
          -1.03345051e-01,  7.80949146e-02, -2.17563231e-02,
          -4.79375087e-02,  7.63133094e-02],
         [-1.07664153e-01, -4.99009453e-02,  1.13236662e-02,
          -1.05493531e-01,  3.90202999e-02, -2.93112509e-02,
          -9.59603488e-02,  5.88940978e-02, -7.90537298e-02,
          -7.48708621e-02,  5.22535807e-03, -5.59313484e-02,
          -4.45783474e-02,  1.58194955e-02, -6.44810274e-02,
           1.37179848e-02, -1.07008979e-01,  2.33317930e-02,
          -8.72368366e-02,  1.29129812e-01,  5.76021262e-02,
           2.80528273e-02, -5.00740558e-02,  9.33081135e-02,
           8.10702424e-03, -4.85135689e-02, -1.08076565e-01,
          -1.16103187e-01, -1.34597823e-01, -8.29807669e-02,
           1.52252344e-02,  8.03343281e-02]]],


       [[[-4.77776378e-02, -2.66543287e-03, -8.53607059e-02,
           3.89273874e-02, -1.43280188e-02,  1.23350069e-01,
          -1.18117578e-01, -1.08368918e-01, -4.41025104e-03,
          -1.87980104e-02, -1.31374598e-01, -9.53858569e-02,
           1.93961393e-02,  5.89991082e-03,  4.10446785e-02,
           2.53861900e-02, -7.74340630e-02,  1.29464595e-02,
          -6.87622428e-02, -3.29062305e-02,  9.75366160e-02,
          -8.28077365e-03,  1.07286140e-01, -3.21745931e-04,
           7.08329305e-02,  1.00506164e-01, -6.72235265e-02,
          -6.36283606e-02,  8.54607150e-02,  5.05558141e-02,
          -1.22618966e-01, -4.49557267e-02],
         [ 1.23599079e-02, -3.34370919e-02, -6.70785010e-02,
           5.65255024e-02,  2.06941012e-02,  6.66852370e-02,
           1.08260281e-01,  5.37582114e-02,  1.91757847e-02,
          -1.17831856e-01,  1.08101495e-01, -2.82589961e-02,
          -2.31905766e-02,  1.31622136e-01, -5.17766699e-02,
          -6.58525005e-02, -1.18508004e-01,  2.47509740e-02,
          -3.06879375e-02,  7.86947682e-02, -3.28261927e-02,
           6.67361021e-02,  8.42110962e-02, -6.76075295e-02,
           9.77563113e-03,  6.59047216e-02, -6.92031113e-03,
           1.14977472e-01,  6.49496540e-02, -1.32259242e-02,
           7.63790980e-02, -8.36755186e-02],
         [-2.03091837e-02, -4.77151647e-02, -8.86277296e-03,
           9.60363895e-02, -1.30844742e-01, -1.27828747e-01,
          -4.69083292e-03,  5.87474778e-02,  1.35047913e-01,
          -3.70399008e-04, -9.61019397e-02, -1.04991928e-01,
           1.25572085e-01,  1.23512581e-01, -1.24696955e-01,
           7.75585771e-02, -1.09601773e-01,  4.19412404e-02,
          -8.91684182e-03, -1.16446726e-01,  5.29670622e-03,
           1.38741657e-01,  4.54612784e-02,  4.33107130e-02,
           4.65881564e-02,  1.00659713e-01,  1.23412989e-01,
           2.31717359e-02, -3.35567519e-02,  9.86226499e-02,
           5.78890368e-02,  1.27540916e-01]],

        [[ 2.73862295e-02,  2.80103907e-02,  3.93781066e-02,
           5.39791994e-02,  1.09198995e-01,  5.25854826e-02,
          -3.95356938e-02,  1.05152175e-01, -1.49393664e-03,
           8.17498043e-02,  6.41712621e-02, -1.10711068e-01,
           7.92684704e-02, -4.83982638e-02, -1.33427382e-01,
           9.74242687e-02, -1.25489518e-01,  3.05558909e-02,
          -5.85418902e-02, -5.32985553e-02, -2.44775396e-02,
           1.16240839e-02, -1.94469336e-02,  5.61740585e-02,
           9.03135613e-02,  7.21608400e-02,  9.49208513e-02,
           1.23013861e-01,  3.18158567e-02,  1.22163728e-01,
           9.89338458e-02,  2.29152720e-02],
         [-1.33229971e-01,  1.04417704e-01, -1.41196936e-01,
           6.43017590e-02, -1.22301288e-01,  9.17837024e-02,
          -4.43424657e-02, -9.23793688e-02, -4.32155207e-02,
          -7.56263956e-02, -3.75352949e-02, -8.54936019e-02,
           5.76056875e-02,  5.09779304e-02, -1.30603105e-01,
           2.11257059e-02, -6.83921427e-02, -9.73143280e-02,
           1.09976597e-01,  4.15131152e-02, -3.19594727e-03,
          -1.03338078e-01,  4.22195531e-03,  2.61923540e-02,
           5.71984686e-02, -2.51657646e-02,  1.22959793e-01,
           8.08809325e-02, -3.49267088e-02,  1.37633890e-01,
           1.18137076e-01,  1.52909845e-01],
         [ 5.62962592e-02, -1.77887678e-02,  1.13960646e-01,
          -2.85310037e-02,  8.16150755e-03,  1.07616581e-01,
           6.56489506e-02,  2.23428267e-03, -3.01917531e-02,
          -1.42758012e-01,  5.28865941e-02,  7.34254718e-02,
          -6.74241334e-02,  1.27055332e-01, -4.62600552e-02,
           4.05909717e-02,  1.23306550e-01, -9.51117873e-02,
          -4.71324585e-02, -3.84571254e-02,  1.37078196e-01,
          -4.29195017e-02,  6.99801296e-02,  9.56310779e-02,
          -9.09807011e-02, -1.05199181e-02, -5.68208937e-03,
          -8.04980695e-02,  9.69591215e-02, -6.44528642e-02,
          -1.91914365e-02,  1.26179352e-01]],

        [[-1.36518572e-03, -1.12745846e-02, -9.90758389e-02,
           8.56621005e-03,  1.09822810e-01, -3.63833159e-02,
          -3.02610788e-02, -8.74321908e-02, -9.09394175e-02,
           3.83229852e-02, -1.02380775e-01, -8.90486240e-02,
           3.10561620e-02, -1.45930192e-02, -1.01189092e-01,
           2.02714987e-02,  1.08593822e-01, -2.73489431e-02,
           2.93011945e-02, -1.18341826e-01,  1.29907861e-01,
           3.22621725e-02,  3.14958319e-02, -1.30183280e-01,
           8.07156786e-02, -7.34137744e-02, -5.81738241e-02,
          -9.62324813e-02,  1.29104909e-02, -9.41156968e-02,
          -8.37510526e-02,  1.14914842e-01],
         [-5.71275130e-03, -6.36345670e-02, -1.16486207e-01,
          -4.77984473e-02,  1.05659723e-01,  1.29227668e-01,
           5.06571420e-02,  1.19596206e-01,  5.81355728e-02,
           1.21632382e-01, -1.28057271e-01,  1.03828624e-01,
           1.29984975e-01, -8.86724666e-02,  7.62412697e-02,
          -3.96698080e-02,  7.15730935e-02, -1.07450500e-01,
          -9.02855396e-02,  1.21419348e-01, -1.11908801e-01,
          -9.85084698e-02, -1.28035739e-01,  7.33389333e-02,
          -1.06105417e-01, -8.30129683e-02, -7.91467056e-02,
          -1.13139972e-01, -1.22693688e-01,  1.80007685e-02,
          -6.30648658e-02, -9.88112763e-02],
         [-2.99457815e-02, -4.39962745e-02,  5.72033226e-02,
          -5.24271466e-02, -2.11499017e-02, -3.33439037e-02,
           7.88094103e-02, -4.40602936e-02,  6.12606071e-02,
          -1.37748599e-01, -2.27175187e-02, -5.61444387e-02,
          -4.46723066e-02, -1.05846442e-01,  3.05164140e-02,
           1.61314998e-02,  2.98293475e-02, -5.38236126e-02,
           1.11135699e-01,  1.25356063e-01,  7.86213577e-02,
           1.20851845e-01,  2.43903026e-02,  6.13738224e-02,
          -1.19050510e-01, -1.03590481e-01,  2.63939090e-02,
          -1.20006567e-02,  4.24374267e-02,  7.30589926e-02,
          -1.17821239e-01,  2.99711786e-02]]]], dtype=float32), array([ 3.1096986e-03, -6.9076349e-03,  8.9455879e-04,  2.2835834e-03,
        5.5832171e-04, -1.0100128e-02,  1.4237356e-02, -1.0431621e-02,
        1.1484192e-02, -7.0131226e-03,  1.1882486e-02, -1.4839960e-03,
        1.0829232e-02, -5.7314225e-03, -7.3720745e-05, -1.1898632e-02,
       -1.6843140e-03,  4.0957192e-03,  2.1716161e-03,  8.7421807e-03,
       -2.0252215e-03,  6.1951885e-03,  8.2546314e-03,  7.6697785e-03,
       -1.3781828e-02,  2.1700771e-03,  6.2368065e-03, -6.3045798e-03,
        2.9800194e-03, -4.1701463e-03, -3.5979720e-03,  1.3485599e-03],
      dtype=float32)]
[array([1.004112  , 0.99624866, 0.9945562 , 1.0084307 , 1.0009856 ,
       0.9983785 , 1.0159352 , 0.9911756 , 1.0063525 , 0.9938849 ,
       0.9976935 , 0.99691623, 1.0063535 , 0.9813223 , 0.99907005,
       0.9983516 , 0.9927709 , 1.0179298 , 1.018118  , 1.0072649 ,
       0.992188  , 1.004976  , 0.99354696, 1.0192717 , 0.98892415,
       0.9967762 , 0.99828225, 0.9898366 , 0.99612963, 0.99031854,
       1.0046713 , 0.99534625], dtype=float32), array([-0.00831219,  0.02064357,  0.03195036, -0.00841892, -0.00496227,
        0.00504309,  0.00175635,  0.0128126 , -0.00482943, -0.00785298,
        0.02805529,  0.02493677, -0.00237099, -0.01082875,  0.00893769,
       -0.00775346,  0.00376338,  0.00104182,  0.01348008, -0.00263685,
        0.01743236,  0.01121397, -0.00147961, -0.00303919,  0.01174872,
        0.01468546,  0.01862478, -0.00516801,  0.00062882,  0.01143311,
       -0.0101053 ,  0.01151479], dtype=float32), array([4.0076643e-02, 1.7755489e-06, 1.4619310e-04, 5.7354424e-04,
       2.8183858e-03, 2.9233181e-01, 2.3426133e-04, 1.4886163e-03,
       6.6134900e-02, 1.3375999e-05, 2.2726689e-02, 3.1012235e-08,
       4.6901938e-02, 2.3413897e-03, 7.9640129e-05, 1.6116835e-01,
       3.3953582e-04, 4.0806837e-02, 9.1506529e-04, 4.1826148e-02,
       1.3186640e-01, 2.5406675e-02, 1.4979008e-01, 4.2993087e-02,
       1.7904329e-01, 2.8901247e-02, 4.5331664e-02, 3.3638638e-03,
       9.0843504e-03, 1.0130514e-02, 7.0428744e-02, 3.1739298e-01],
      dtype=float32), array([1.2284359e-03, 6.1333324e-08, 6.5074901e-06, 3.0336185e-05,
       2.1276476e-04, 2.1567199e-02, 5.3039371e-06, 9.7307078e-05,
       2.2656843e-03, 5.6615920e-07, 1.3096593e-03, 4.6838744e-10,
       1.2783303e-03, 1.9673546e-04, 4.0851446e-06, 8.2915798e-03,
       3.8105663e-05, 2.9734795e-03, 5.5099794e-05, 2.3722018e-03,
       6.9442308e-03, 1.2972909e-03, 7.2104987e-03, 2.4213986e-03,
       1.1138106e-02, 1.6398579e-03, 4.0286323e-03, 2.4587588e-04,
       3.2638106e-04, 7.6634937e-04, 2.1101316e-03, 2.3570830e-02],
      dtype=float32)]
[array([[[[ 0.10708908,  0.08579345, -0.03544179, ..., -0.10954124,
          -0.08707283,  0.01499607],
         [ 0.0166393 , -0.04619073,  0.04820132, ..., -0.00830811,
           0.02226762,  0.07043234],
         [-0.03444991,  0.04395144, -0.00660763, ..., -0.0026139 ,
          -0.07071576,  0.08920088],
         ...,
         [ 0.00586517,  0.03389911,  0.00069991, ..., -0.0612187 ,
           0.03714064, -0.02820001],
         [ 0.08967619,  0.10639151, -0.01504575, ..., -0.05597007,
          -0.0585283 ,  0.03745288],
         [ 0.03606542,  0.04309822, -0.09063763, ...,  0.00426924,
          -0.05258953, -0.02022948]],

        [[ 0.09921149,  0.06786758, -0.0774739 , ..., -0.07095183,
          -0.07786692, -0.09662164],
         [-0.01164454, -0.07692146, -0.00819021, ...,  0.07617883,
           0.0683114 , -0.00900777],
         [ 0.09046612, -0.07028005,  0.00744124, ...,  0.09028451,
          -0.02218504, -0.09541052],
         ...,
         [ 0.02015947, -0.0744575 , -0.03133312, ...,  0.03025063,
          -0.01290603, -0.03212645],
         [ 0.0134328 , -0.07650083,  0.08653349, ...,  0.02374906,
           0.0946955 ,  0.07288725],
         [ 0.01629608, -0.0652362 ,  0.02167152, ...,  0.06781162,
           0.08745601,  0.10077497]],

        [[ 0.033305  ,  0.0454008 ,  0.01997972, ..., -0.10872132,
           0.06173339, -0.04870961],
         [-0.02413993, -0.02866079, -0.07418407, ..., -0.03620771,
           0.03292806,  0.06441429],
         [-0.08046059, -0.01221645,  0.0711669 , ...,  0.04344654,
           0.04026691,  0.0414907 ],
         ...,
         [-0.06926726, -0.08610729, -0.06661421, ...,  0.10422838,
           0.04572625,  0.01866227],
         [-0.0942355 ,  0.01582153, -0.04514364, ...,  0.01363191,
           0.05683669,  0.04115774],
         [ 0.04104507, -0.0021314 , -0.00899988, ...,  0.05488769,
          -0.03267303,  0.09537516]]],


       [[[-0.07469305, -0.04788978, -0.0864791 , ..., -0.09902513,
           0.02014519,  0.02391682],
         [-0.10386404,  0.0386838 ,  0.03721792, ...,  0.07317757,
          -0.02153703, -0.09976269],
         [ 0.05655955,  0.02190903,  0.01947427, ..., -0.06646818,
          -0.03364942, -0.04515969],
         ...,
         [ 0.06411871,  0.02743685,  0.06298543, ...,  0.089376  ,
          -0.07365094, -0.08787099],
         [ 0.06946094, -0.04192199, -0.04943407, ..., -0.07449671,
           0.06498743, -0.09692001],
         [-0.02504721,  0.03281093, -0.091203  , ...,  0.0848123 ,
          -0.10528018, -0.10033461]],

        [[ 0.03012949, -0.00342497, -0.02506719, ...,  0.02490233,
          -0.01573456, -0.01488581],
         [-0.03169148, -0.1013345 , -0.0494051 , ...,  0.00503093,
          -0.03292541,  0.08635341],
         [-0.09020718,  0.02537358,  0.05504964, ...,  0.03293359,
          -0.11539295,  0.0198694 ],
         ...,
         [-0.00821125, -0.03716556,  0.07162192, ..., -0.08942161,
           0.04087377, -0.072364  ],
         [-0.00724378, -0.02518219, -0.05697047, ...,  0.00574906,
           0.08905912, -0.03872946],
         [ 0.02432492, -0.00187527,  0.03939234, ..., -0.10090508,
           0.09049235,  0.03881173]],

        [[ 0.08978987, -0.01854355,  0.01071502, ...,  0.06029997,
           0.02130763,  0.07904671],
         [-0.06830747, -0.04406813,  0.10134061, ..., -0.09134608,
          -0.07453376, -0.01271565],
         [-0.03267135, -0.09505018,  0.05784928, ..., -0.05035287,
          -0.04962181,  0.03418362],
         ...,
         [ 0.0608239 , -0.02503927, -0.09602015, ..., -0.03796973,
           0.00115841, -0.06988358],
         [ 0.03683504,  0.09903423,  0.08658063, ...,  0.07829052,
          -0.06647614,  0.00993467],
         [ 0.09274141, -0.08334509,  0.05775312, ...,  0.07688745,
          -0.01209289,  0.04727846]]],


       [[[-0.05923386,  0.02372684,  0.02766959, ..., -0.01896449,
           0.01758842, -0.04979416],
         [-0.02698196, -0.04994073,  0.00077304, ..., -0.01817398,
           0.07224304, -0.07976463],
         [ 0.05279676,  0.06957203,  0.00302859, ...,  0.05836525,
          -0.07413832,  0.02414666],
         ...,
         [ 0.04145115, -0.06748477,  0.08446695, ...,  0.04379774,
           0.03024184,  0.03079484],
         [-0.08955574,  0.00085858, -0.0343406 , ...,  0.03893492,
           0.08744485, -0.04682019],
         [-0.08645134, -0.01447211, -0.02557653, ..., -0.01040554,
           0.09479611,  0.07070432]],

        [[ 0.02674411, -0.07088194,  0.0566862 , ...,  0.03597181,
           0.08849428, -0.05156292],
         [ 0.01683476,  0.08383316,  0.07884977, ..., -0.05331375,
          -0.021915  ,  0.02972194],
         [-0.06172544, -0.00301081,  0.03804264, ..., -0.0181833 ,
          -0.00545598, -0.0065427 ],
         ...,
         [ 0.01048468, -0.04521139,  0.07089176, ..., -0.00304921,
           0.01132649,  0.05060434],
         [ 0.05193288, -0.09779561,  0.04789897, ..., -0.04717639,
           0.01162071,  0.00024902],
         [-0.05550211,  0.07172517,  0.03124828, ...,  0.04568831,
          -0.07693896, -0.02398115]],

        [[-0.06969215,  0.03303498,  0.09033366, ..., -0.07114644,
           0.03495185,  0.10127364],
         [-0.07249184,  0.03497388, -0.02834523, ..., -0.0733982 ,
          -0.11269388, -0.05533459],
         [ 0.00132553, -0.03688369, -0.02888468, ...,  0.07085726,
           0.0764925 ,  0.04753766],
         ...,
         [-0.01105882, -0.10043872, -0.03690977, ..., -0.00602754,
          -0.06557988,  0.04896445],
         [-0.01365437, -0.03169148,  0.02664595, ...,  0.08677531,
          -0.08318613, -0.01499705],
         [-0.06504147,  0.0171818 , -0.06124394, ..., -0.09253516,
           0.09726388,  0.00400759]]]], dtype=float32), array([-2.07255390e-02,  5.04690222e-03,  1.86654907e-02, -4.48562158e-03,
       -8.55113938e-03, -4.02463973e-03,  1.17342724e-02, -1.54405124e-02,
        8.95287230e-05, -3.23278503e-03,  9.19130165e-03, -1.32153705e-02,
       -5.85726416e-03, -3.74043616e-03,  1.29973784e-03,  3.59351886e-03,
        3.34239099e-03,  1.10657271e-02,  4.69134375e-03, -1.07269557e-02,
       -6.50078570e-03, -1.90745685e-02, -8.70869309e-03,  1.84417143e-02,
        7.08283670e-03,  2.80939182e-03,  4.59235488e-03,  2.04767883e-02,
       -1.04993712e-02,  7.43036764e-03, -2.68533621e-02, -8.60860664e-03],
      dtype=float32)]
[array([1.0076902 , 0.99115133, 0.97839946, 0.99955463, 0.9856802 ,
       0.99410313, 1.0003055 , 0.9896017 , 0.9996038 , 1.0072247 ,
       1.0035629 , 1.0020616 , 1.0000008 , 1.0224861 , 0.9909945 ,
       0.9918668 , 0.9931924 , 0.9849719 , 0.99361277, 1.0139774 ,
       1.0016041 , 1.0179935 , 1.0088642 , 1.0054415 , 0.9786538 ,
       1.0057544 , 1.0131707 , 1.0048188 , 1.0080831 , 0.983965  ,
       1.014353  , 0.99489117], dtype=float32), array([-0.01912572, -0.02270106, -0.0086524 , -0.00669005, -0.0049369 ,
       -0.00737377, -0.00402795, -0.00295828,  0.00636857, -0.01526342,
       -0.01331979, -0.01842443, -0.01514866, -0.01640399, -0.00666059,
       -0.01236651, -0.00605563, -0.00046893, -0.01185434, -0.0183189 ,
       -0.00039565, -0.03293192, -0.01108785, -0.00925636, -0.01267101,
       -0.0098104 , -0.0175371 , -0.00568079, -0.02535211,  0.00070966,
       -0.01713494, -0.01030932], dtype=float32), array([0.15962455, 0.15373518, 0.19601177, 0.18533543, 0.3451204 ,
       0.48800847, 0.19945669, 0.2315189 , 0.3062135 , 0.17515323,
       0.14701232, 0.17557266, 0.26273704, 0.15029645, 0.2787266 ,
       0.21857233, 0.21834268, 0.23817655, 0.2938542 , 0.11724308,
       0.30002573, 0.12009861, 0.19640678, 0.13169315, 0.368212  ,
       0.19611341, 0.12120272, 0.35957178, 0.18065985, 0.21265106,
       0.13785875, 0.24688359], dtype=float32), array([0.08782826, 0.04756528, 0.07948638, 0.13752653, 0.27010298,
       0.52761585, 0.10721539, 0.15563598, 0.29074806, 0.07852379,
       0.05294985, 0.06848899, 0.1305276 , 0.06494168, 0.13496336,
       0.09652618, 0.09613434, 0.11697046, 0.19268261, 0.04052056,
       0.16369267, 0.03719005, 0.12624821, 0.04593506, 0.21131647,
       0.07834131, 0.04786834, 0.31067747, 0.05043267, 0.0913641 ,
       0.05204318, 0.08459514], dtype=float32)]
[]
[]
[array([[[[-3.72273847e-02,  6.18527159e-02, -6.14062957e-02, ...,
          -1.22585753e-02,  2.47018915e-02, -8.40416402e-02],
         [ 7.70691112e-02,  5.63032553e-02, -1.51256537e-02, ...,
           4.81244409e-03, -7.45078027e-02,  2.24117376e-02],
         [-1.98277161e-02,  3.67405787e-02,  2.93191895e-02, ...,
           2.82813236e-02, -2.39955750e-03,  1.35959275e-02],
         ...,
         [ 9.39430296e-02,  3.25489305e-02,  1.24510676e-02, ...,
          -5.90543598e-02, -4.47201878e-02,  2.82868352e-02],
         [-3.44338231e-02,  5.98618463e-02,  4.44032028e-02, ...,
          -5.54705039e-02, -2.07153168e-02,  5.55451363e-02],
         [ 2.90747825e-02, -2.99048964e-02, -6.52901828e-02, ...,
           1.19725745e-02, -3.01009305e-02, -2.57476196e-02]],

        [[ 4.85471673e-02, -2.93316897e-02,  7.56240338e-02, ...,
          -4.97673173e-03,  3.06398440e-02,  5.68638742e-02],
         [-7.56110176e-02,  5.46285659e-02, -4.54060510e-02, ...,
          -3.84402908e-02, -1.06402813e-02, -4.96176556e-02],
         [-3.79314311e-02, -4.72318679e-02,  3.96842584e-02, ...,
           6.90633282e-02, -3.74183543e-02, -8.22368860e-02],
         ...,
         [ 8.88022631e-02, -1.60413682e-02,  4.93791103e-02, ...,
           3.53698470e-02,  6.48170561e-02, -1.02360558e-03],
         [-1.91099402e-02, -5.01675904e-02,  4.91553657e-02, ...,
          -4.68271901e-05,  4.91097644e-02,  3.63474758e-03],
         [-3.19492854e-02,  5.72191067e-02,  5.58303967e-02, ...,
           3.09008639e-02,  6.28918558e-02,  3.21432319e-03]],

        [[-7.68949138e-03, -8.12872946e-02,  8.81829858e-02, ...,
          -3.32218856e-02, -5.65638468e-02,  2.09723860e-02],
         [ 7.84900784e-02, -4.35561575e-02, -7.11169392e-02, ...,
          -3.97784077e-02,  1.87598020e-02,  2.02756245e-02],
         [ 2.10940302e-03,  5.64248748e-02, -3.28567810e-02, ...,
          -1.24784764e-02, -2.60484852e-02,  5.17584234e-02],
         ...,
         [ 7.00684786e-02,  2.14834865e-02, -3.07990368e-02, ...,
           7.25198165e-02, -3.58033329e-02,  1.63240433e-02],
         [ 6.75157178e-03,  2.30100993e-02, -1.98806897e-02, ...,
           6.38707653e-02, -1.83435027e-02, -8.31982344e-02],
         [-6.85351435e-03,  2.08164062e-02,  1.86405275e-02, ...,
          -7.11241066e-02,  3.06120347e-02, -6.23341231e-03]]],


       [[[ 1.72135327e-02, -7.29680136e-02,  9.06347632e-02, ...,
          -1.93468109e-02, -2.50449162e-02,  2.34507266e-02],
         [-5.76063618e-02, -3.30154300e-02, -3.28288190e-02, ...,
           8.25271290e-03, -1.90601833e-02,  3.35787125e-02],
         [-6.76401630e-02,  6.48213774e-02, -4.31100130e-02, ...,
           1.22587178e-02,  7.93420896e-02, -8.17692205e-02],
         ...,
         [ 1.36111276e-02,  4.86062095e-02,  2.65559163e-02, ...,
          -1.35060064e-02, -2.57450901e-02, -4.58385944e-02],
         [ 4.23852354e-02,  1.16250878e-02, -5.06799966e-02, ...,
           7.97850415e-02,  7.00738952e-02, -6.56594848e-03],
         [ 7.07315058e-02, -3.50286588e-02,  7.61001259e-02, ...,
           7.66379088e-02, -5.55338152e-02,  1.69940963e-02]],

        [[-7.52001256e-02, -5.09361699e-02,  4.08260524e-02, ...,
           6.32971600e-02, -5.88888628e-03, -8.13379809e-02],
         [-5.83351869e-03, -6.92665065e-03,  8.92047398e-03, ...,
           6.03002049e-02, -2.24807765e-02, -4.41878177e-02],
         [ 8.35533589e-02, -3.55628170e-02, -1.88844930e-02, ...,
           1.96178108e-02,  8.62214342e-02,  2.41729226e-02],
         ...,
         [-3.46539356e-03,  3.50966491e-02, -2.38685813e-02, ...,
           6.47087917e-02, -6.60202786e-05, -6.27310649e-02],
         [-4.23245504e-02,  6.00943454e-02,  4.14762907e-02, ...,
           2.55397074e-02, -5.12191728e-02, -4.04413417e-02],
         [ 1.24517716e-02,  5.47350794e-02,  5.58195896e-02, ...,
          -2.04537753e-02,  6.74416721e-02,  2.04040967e-02]],

        [[ 5.77190444e-02, -7.63075203e-02, -5.82266338e-02, ...,
           4.16982882e-02, -2.83646844e-02,  1.15831345e-02],
         [ 8.60563144e-02,  1.13695022e-02, -4.28314321e-02, ...,
           1.02937892e-02, -4.65208702e-02, -9.29181464e-03],
         [ 7.50087318e-04, -8.19070563e-02, -4.23941761e-02, ...,
           1.29562076e-02,  3.69469263e-02,  7.68337995e-02],
         ...,
         [ 5.51979356e-02, -5.29062413e-02,  6.78466335e-02, ...,
          -7.96397179e-02, -5.69354817e-02, -2.08223239e-02],
         [ 2.46789847e-02,  6.28001392e-02,  7.61081278e-02, ...,
           8.12305957e-02,  4.42144498e-02,  5.35575673e-02],
         [-4.21386510e-02, -1.24935945e-02,  4.45548370e-02, ...,
          -2.39529852e-02, -4.55284454e-02,  2.00530104e-02]]],


       [[[ 5.57612740e-02,  5.24906032e-02, -2.07295287e-02, ...,
           1.93531569e-02, -7.66938925e-02, -1.21316570e-03],
         [ 3.47491615e-02,  9.64829884e-03, -3.97771895e-02, ...,
          -5.18904179e-02,  5.42800650e-02,  2.68096048e-02],
         [-7.42830709e-03, -4.23999205e-02, -1.89347677e-02, ...,
          -8.37597996e-02,  5.59306368e-02, -9.14734788e-03],
         ...,
         [-6.87904730e-02, -2.37924289e-02,  5.67387715e-02, ...,
          -5.41956499e-02, -1.25585170e-03,  6.21356145e-02],
         [-6.95654899e-02, -5.47159389e-02,  6.89593479e-02, ...,
           5.19768707e-03,  3.20154242e-02,  1.55275338e-03],
         [-8.84557236e-03,  5.63016050e-02,  3.86013724e-02, ...,
           6.07690290e-02, -7.52565451e-03,  7.80213997e-02]],

        [[-4.92253676e-02, -7.34390318e-02,  3.46815102e-02, ...,
          -2.36938335e-02, -3.95458154e-02,  4.67663854e-02],
         [ 5.08732460e-02, -2.66379248e-02, -6.92360476e-02, ...,
          -6.48110285e-02, -3.53748687e-02,  7.68958926e-02],
         [-7.34042078e-02, -5.75181916e-02,  7.34317722e-03, ...,
          -4.70362902e-02, -6.45540506e-02, -5.31823896e-02],
         ...,
         [ 5.32053709e-02, -2.02802103e-02, -2.11534556e-02, ...,
          -4.58723009e-02, -5.77526316e-02,  6.22850172e-02],
         [ 5.61575666e-02, -3.30620003e-03, -7.51270074e-03, ...,
          -2.74760965e-02,  1.43614523e-02, -2.71720104e-02],
         [-2.66397689e-02, -2.42740382e-03,  4.12129983e-02, ...,
           9.91648156e-03, -7.43607134e-02,  4.85311486e-02]],

        [[ 2.31424626e-02,  1.13980435e-02,  1.79157127e-02, ...,
           6.80374131e-02,  6.03252985e-02, -8.10917541e-02],
         [ 6.56956211e-02,  5.47866113e-02, -8.47468451e-02, ...,
          -1.79889717e-03, -3.66320051e-02, -1.36122797e-02],
         [ 2.92244423e-02, -1.37101309e-02, -6.48078835e-03, ...,
          -7.77482539e-02,  3.23397778e-02,  1.42171355e-02],
         ...,
         [ 1.11896703e-02,  6.00948296e-02, -1.22266421e-02, ...,
           6.08596094e-02,  3.68162803e-02, -2.10146718e-02],
         [-2.07501557e-02, -2.54353806e-02,  3.20449583e-02, ...,
           7.41300806e-02,  6.32721856e-02, -8.12091380e-02],
         [-8.51472095e-02,  1.74867753e-02, -5.20298406e-02, ...,
           2.87004542e-02,  9.09815356e-03, -1.87460277e-02]]]],
      dtype=float32), array([ 5.55091491e-03,  9.61632375e-03, -1.01232836e-02, -3.07893613e-03,
        1.76622253e-02,  1.03561717e-04,  1.67756295e-03,  1.67984869e-02,
        1.28953923e-02,  2.90186377e-03,  9.59507562e-03,  8.74161627e-03,
        3.56150884e-03, -6.07960485e-03,  1.55741349e-02, -3.86886008e-04,
        5.04126167e-03,  7.12097762e-03,  5.21017844e-03,  1.23881130e-02,
       -8.83124210e-03, -5.53676509e-04, -1.69321569e-03, -6.35053264e-04,
        9.88917053e-03, -4.79478249e-03,  3.76171898e-03,  1.15829585e-02,
        1.10684917e-03,  6.61870418e-03,  8.05341918e-03,  5.41682029e-03,
        4.31068847e-03,  7.36951735e-03,  7.13447994e-03,  3.08339973e-03,
        8.25615134e-03, -4.74371249e-03,  6.38925051e-03, -2.86240922e-03,
        7.20549608e-04,  2.52488698e-03,  1.07441302e-02,  1.38653042e-02,
        6.72140013e-05, -1.81530474e-03, -6.05031033e-04, -2.22465792e-03,
        1.08808661e-02, -2.12820200e-03,  5.90285752e-03, -9.97437164e-03,
       -3.11188190e-03, -8.36761110e-03,  2.85964855e-03,  7.58015597e-03,
       -3.39141721e-03,  4.23442107e-03,  3.14615760e-03,  3.02831060e-03,
        7.77634967e-04,  1.88328594e-03, -1.40178145e-03,  9.02121980e-03],
      dtype=float32)]
[array([1.000942  , 0.9870416 , 1.0504819 , 1.0081295 , 1.0042424 ,
       0.9949525 , 1.0095094 , 1.0009288 , 0.98717666, 1.015967  ,
       1.0028629 , 1.0057168 , 1.0123754 , 0.99448514, 1.0041127 ,
       0.99922305, 0.9987902 , 1.0011547 , 0.9918711 , 0.9895094 ,
       0.9947919 , 1.0174316 , 0.9843706 , 0.9931664 , 1.0031036 ,
       0.99006814, 0.9897055 , 1.0000111 , 0.9921266 , 1.0055571 ,
       0.98969537, 1.0038731 , 1.0148963 , 0.99119955, 0.99726117,
       0.993343  , 0.99872994, 1.0015402 , 0.9978927 , 1.0055472 ,
       0.987427  , 1.0136266 , 1.0037813 , 0.98961306, 0.9997207 ,
       0.996455  , 0.9929934 , 0.9882228 , 0.9929552 , 0.9887229 ,
       0.98542833, 1.0029991 , 0.99655676, 1.0069175 , 1.0002428 ,
       1.0128688 , 1.01514   , 0.98934436, 1.0203438 , 0.9871517 ,
       0.9851922 , 0.9940975 , 0.99473816, 0.9934685 ], dtype=float32), array([ 0.00595005,  0.00109893,  0.00274808, -0.00463252,  0.0048455 ,
        0.00392212,  0.00533837,  0.00575947,  0.00638646,  0.001832  ,
        0.00078291, -0.00366391, -0.00356312, -0.00272278,  0.00246018,
       -0.00359205,  0.00825723, -0.00410126, -0.00879443, -0.00094294,
       -0.00270089, -0.0042348 ,  0.00415014, -0.01427131, -0.00178443,
        0.01300155,  0.00384609, -0.00796812, -0.01363364, -0.00134101,
        0.00305133, -0.01078268, -0.00068363, -0.00159792, -0.00207037,
        0.0029371 , -0.0104198 ,  0.00900769, -0.00294199, -0.00326819,
       -0.00237871, -0.00420747,  0.00423464, -0.00321762,  0.00412075,
        0.00325575,  0.00292137,  0.00924985,  0.0062365 ,  0.00850557,
       -0.00567431,  0.00982446, -0.00079685,  0.00362957, -0.00334105,
       -0.00172008,  0.00238439, -0.0038478 ,  0.00901742, -0.0022943 ,
       -0.00782941, -0.00132615, -0.00162472, -0.00538882], dtype=float32), array([0.91436917, 0.41806838, 0.32101893, 0.5410033 , 0.4429551 ,
       0.64380336, 0.9701105 , 0.67850375, 0.83456576, 0.17454873,
       0.18081145, 0.750627  , 0.36655626, 0.6545543 , 0.27690297,
       0.41770193, 0.6051399 , 0.1977774 , 0.39406735, 0.47413382,
       0.7731339 , 0.64282674, 0.1391533 , 0.61961687, 0.23730534,
       0.9730105 , 0.661834  , 0.29723558, 0.37673503, 0.26259193,
       0.9130795 , 0.5931441 , 0.68421006, 0.34494388, 0.6473734 ,
       0.48399317, 0.31565216, 0.90991855, 0.31347775, 1.0679017 ,
       0.32521313, 0.46122006, 0.22889705, 0.37568468, 0.57808757,
       0.47474927, 0.33440363, 0.60224634, 0.45690843, 1.0142865 ,
       0.2294313 , 1.1286889 , 0.41209716, 0.4183262 , 0.28574967,
       0.40765703, 0.3841015 , 0.20075256, 1.1471932 , 0.2237284 ,
       0.46969345, 0.37909484, 0.4923672 , 0.56922346], dtype=float32), array([1.4019188 , 0.3986092 , 0.46203464, 0.5598168 , 0.4954015 ,
       0.7496463 , 1.2068982 , 0.7545264 , 1.0024678 , 0.14496939,
       0.19001478, 0.9883558 , 0.4106659 , 1.2088158 , 0.39492244,
       0.48349068, 0.6570898 , 0.16901566, 0.3908472 , 0.5935976 ,
       0.8965681 , 0.9621915 , 0.13813023, 0.6527395 , 0.26643202,
       1.2299174 , 0.7191184 , 0.29891816, 0.371582  , 0.2618615 ,
       1.0417593 , 0.723869  , 0.76744527, 0.3419903 , 0.83235216,
       0.4997816 , 0.41327834, 1.2691342 , 0.30072215, 1.5144266 ,
       0.35159886, 0.5579777 , 0.24196295, 0.4408935 , 0.5802709 ,
       0.5224091 , 0.335547  , 0.9849238 , 0.47609237, 1.0489475 ,
       0.22777845, 1.443572  , 0.48120064, 0.4975427 , 0.31164464,
       0.38258845, 0.43061045, 0.19858234, 1.2206826 , 0.21841195,
       0.5169468 , 0.4562949 , 0.66540444, 0.58297694], dtype=float32)]
[array([[[[-0.00744287,  0.05110374, -0.01333827, ..., -0.05217565,
           0.00988483, -0.00476663],
         [-0.03959254,  0.0007457 , -0.04071096, ...,  0.00379575,
          -0.04894387, -0.02400024],
         [ 0.02923731, -0.02963651,  0.06632356, ...,  0.03795731,
           0.06934323,  0.08247916],
         ...,
         [-0.03528861,  0.03860231, -0.05615941, ..., -0.01719612,
          -0.01539964,  0.06564423],
         [-0.06003076, -0.00373089,  0.01494422, ..., -0.06768028,
          -0.07288576, -0.00913677],
         [-0.07776245,  0.02524333, -0.05034521, ..., -0.02692945,
          -0.06593467, -0.00061514]],

        [[ 0.0504484 ,  0.00989955, -0.06791248, ..., -0.02402532,
           0.02443334, -0.06443337],
         [ 0.02768485, -0.04875389, -0.04993998, ...,  0.01045942,
           0.04503571,  0.07047484],
         [ 0.06224008, -0.01751921, -0.04237548, ..., -0.04139359,
           0.00532063,  0.09086722],
         ...,
         [ 0.03095978, -0.03895148,  0.04703215, ..., -0.06506167,
          -0.06026038, -0.04383272],
         [-0.01132796,  0.00986628, -0.05121148, ..., -0.00471961,
          -0.02850808,  0.00590916],
         [ 0.05964168,  0.05320646, -0.0073992 , ..., -0.03609701,
          -0.06044976, -0.02542802]],

        [[-0.05480903,  0.01835575,  0.03024697, ...,  0.03324091,
          -0.06208451,  0.0472605 ],
         [-0.02904967,  0.07298209,  0.06113006, ..., -0.00742055,
          -0.01017004, -0.05336496],
         [ 0.02395675, -0.0609691 ,  0.01967276, ..., -0.06126491,
           0.08029576,  0.0193383 ],
         ...,
         [-0.05924684,  0.00868443,  0.05759781, ..., -0.03688103,
          -0.05186797,  0.05836331],
         [ 0.00697449, -0.00544401, -0.02331686, ...,  0.00611733,
          -0.02060474, -0.03156297],
         [-0.0495463 , -0.02615731,  0.03932197, ...,  0.06552973,
           0.03813157,  0.03222069]]],


       [[[-0.02104943, -0.02755255, -0.02060002, ..., -0.04943406,
          -0.04417655,  0.02341015],
         [-0.01342445, -0.04576405, -0.00021638, ...,  0.06186393,
           0.04280986, -0.01870667],
         [ 0.07062157, -0.0085541 , -0.00395095, ..., -0.07465764,
          -0.0223128 ,  0.07922154],
         ...,
         [-0.0227618 ,  0.04435168, -0.02859156, ...,  0.00136995,
          -0.00850027,  0.0785468 ],
         [-0.05242042,  0.0342218 ,  0.06517087, ...,  0.03181622,
          -0.0649532 ,  0.04429174],
         [ 0.00401023,  0.05592412,  0.05790365, ..., -0.03989147,
           0.05564822,  0.04295415]],

        [[-0.03544566, -0.01819909,  0.00347616, ...,  0.05118071,
          -0.01122327, -0.01077196],
         [ 0.02537948, -0.05537947, -0.06175566, ...,  0.04700058,
          -0.07058257, -0.0165333 ],
         [-0.03368372,  0.03111067,  0.02476423, ...,  0.0507534 ,
          -0.02837021,  0.05396341],
         ...,
         [-0.02149322,  0.04937777, -0.01536331, ...,  0.04777439,
          -0.04456937, -0.04399631],
         [ 0.01671796,  0.00977136,  0.00600703, ...,  0.00558959,
          -0.02444075,  0.03545062],
         [ 0.00637166, -0.01899152, -0.01711211, ..., -0.01370729,
           0.01074396, -0.01400972]],

        [[ 0.02985755,  0.00378599, -0.05891093, ...,  0.0671576 ,
          -0.04043715, -0.00365277],
         [ 0.07524033,  0.04619516,  0.03095005, ...,  0.02442592,
          -0.05384612, -0.01272694],
         [-0.06146425, -0.06103303,  0.07272377, ...,  0.0448359 ,
           0.0707275 ,  0.09192657],
         ...,
         [-0.06985318,  0.03263935, -0.02271468, ...,  0.00395335,
           0.03927724,  0.00327268],
         [ 0.03239693, -0.03643761, -0.02397859, ...,  0.06439622,
           0.03000339, -0.03537794],
         [-0.07186848,  0.04904365, -0.01975294, ...,  0.04142523,
          -0.01032626, -0.00936305]]],


       [[[ 0.0344495 , -0.05707831, -0.05890024, ...,  0.0678618 ,
          -0.01977179, -0.06383385],
         [ 0.04194549,  0.0067082 ,  0.04720548, ..., -0.04419424,
          -0.06248367, -0.06431024],
         [-0.06668258, -0.02680049, -0.01686078, ..., -0.0559288 ,
           0.08715011,  0.0447552 ],
         ...,
         [ 0.02625659,  0.06343498, -0.0379204 , ...,  0.04231919,
           0.08025664,  0.00207174],
         [ 0.02440833,  0.02818687, -0.0119789 , ..., -0.04833169,
          -0.06131553, -0.06671862],
         [-0.04237408, -0.03112534, -0.0533258 , ..., -0.06940404,
           0.04913811, -0.0474516 ]],

        [[ 0.05502475,  0.04719674,  0.03818122, ...,  0.03646511,
          -0.02502782,  0.06030711],
         [ 0.04409738,  0.04109845,  0.01468799, ...,  0.00943781,
          -0.05540681, -0.0556856 ],
         [-0.03377081,  0.02217316, -0.04804188, ..., -0.06835464,
          -0.05683756,  0.06362354],
         ...,
         [-0.03661588,  0.02119099, -0.05931611, ...,  0.01952985,
           0.02818215,  0.06281439],
         [ 0.0246188 , -0.0197192 , -0.03806672, ..., -0.00455776,
          -0.03326205, -0.05980508],
         [-0.01560934, -0.01826181,  0.02127246, ...,  0.02042581,
           0.05768957, -0.01866891]],

        [[ 0.0580809 , -0.04877435,  0.04256713, ...,  0.04635713,
          -0.02969992, -0.00050902],
         [ 0.02152852,  0.07013872, -0.07433173, ..., -0.01662956,
           0.04380037, -0.06377635],
         [ 0.05282934, -0.04135164,  0.06392949, ..., -0.0657437 ,
           0.0905823 ,  0.08772101],
         ...,
         [ 0.03921881, -0.01709363, -0.0149635 , ...,  0.01731719,
           0.0229081 ,  0.06518067],
         [ 0.06880402, -0.01132141,  0.0580688 , ...,  0.03160329,
           0.05547558,  0.01018681],
         [-0.06315628, -0.05505867,  0.02215244, ...,  0.02056273,
           0.01879458,  0.03309457]]]], dtype=float32), array([ 1.41031994e-03, -9.94110014e-03, -6.57983124e-03, -1.46714337e-02,
        6.66412152e-03, -7.79837929e-03, -3.51408706e-03, -1.39292525e-02,
       -2.57323449e-03,  9.68596898e-03,  1.78748253e-03, -2.72650295e-03,
        9.04700370e-04,  1.15403142e-02, -8.97607859e-03,  4.61661303e-03,
        3.71509785e-04, -2.85220053e-03, -5.15436707e-03, -3.25350789e-04,
        1.00056781e-02, -3.81536549e-03, -1.93392590e-03, -3.49929498e-04,
        5.47277959e-05, -1.09474885e-03,  8.80464818e-03, -1.57876289e-03,
       -3.71328648e-03, -1.33032510e-02,  6.93907868e-03,  1.11807678e-02,
       -1.25637557e-02,  1.86935347e-03,  2.78938492e-03, -1.70942079e-02,
       -3.01575824e-03, -7.47338810e-04,  3.32650519e-03, -7.13096838e-03,
       -2.78713438e-03, -3.35291494e-03, -2.39796587e-03, -4.28863015e-04,
       -4.54022549e-03, -1.10628251e-02, -1.24739658e-03, -4.48638760e-03,
       -4.91518201e-03,  2.56075850e-03,  3.31660197e-03, -1.24358647e-02,
        9.34581505e-04,  4.05670935e-03, -8.29708879e-04, -5.81054064e-03,
        2.51687248e-04,  4.24243696e-03, -8.44776817e-03, -3.15302890e-03,
        5.96809248e-03, -1.54992333e-03, -6.91215135e-03, -1.74950790e-02],
      dtype=float32)]
[array([0.9948353 , 1.0093232 , 0.99855083, 1.0124462 , 0.9981148 ,
       1.0009109 , 0.99501103, 1.0046009 , 0.996549  , 0.9985559 ,
       0.9979986 , 1.0039544 , 1.0090213 , 0.9890754 , 1.0082397 ,
       1.0022664 , 0.98759335, 1.0116897 , 1.0045056 , 1.0032688 ,
       0.9911776 , 1.0070223 , 0.9985877 , 0.9969497 , 1.005224  ,
       0.99709433, 0.99355054, 0.995146  , 1.0020661 , 0.9984561 ,
       0.99019027, 0.9902015 , 0.99830794, 0.9941476 , 0.99672234,
       1.0037637 , 1.011432  , 1.002774  , 0.9856035 , 1.0059574 ,
       1.0026939 , 0.99858046, 0.9881292 , 1.0019279 , 0.99429977,
       1.0079677 , 1.0096707 , 1.0077085 , 0.9984024 , 0.9891672 ,
       0.99719113, 1.0056378 , 0.998847  , 1.001013  , 0.99407977,
       1.0070497 , 0.9947709 , 0.9858877 , 1.0040605 , 1.0031412 ,
       0.9912384 , 0.99614364, 1.0049853 , 1.0165441 ], dtype=float32), array([-0.01706229, -0.02441548, -0.02348473, -0.03320819, -0.01079384,
       -0.02150835, -0.01367398, -0.02483681, -0.02270738, -0.01463988,
       -0.02135938, -0.01799118, -0.01639842, -0.01571974, -0.00711715,
       -0.01148   , -0.02314007, -0.02281601, -0.01735753, -0.02555107,
       -0.0154685 , -0.01911418, -0.01782511, -0.01015475, -0.01284276,
       -0.00751498, -0.01646114, -0.01360488, -0.02436501, -0.02080534,
       -0.01457783, -0.00650652, -0.02354198, -0.02150409, -0.02012284,
       -0.0148248 , -0.01634679, -0.01054518, -0.01880279, -0.0262629 ,
       -0.01577914, -0.01016102, -0.02068707, -0.01903046, -0.01926751,
       -0.02271765, -0.01983839, -0.02145106, -0.02256679, -0.01145248,
       -0.02489482, -0.02226536, -0.02655093, -0.00995496, -0.01642802,
       -0.016524  , -0.01756326, -0.01436032, -0.02914927, -0.01928733,
       -0.0169127 , -0.0195773 , -0.02200075, -0.02165537], dtype=float32), array([0.37426758, 0.44659314, 0.41304195, 0.39433578, 0.3981779 ,
       0.4133964 , 0.3811262 , 0.45054337, 0.4700495 , 0.4171749 ,
       0.415174  , 0.38814065, 0.4368272 , 0.4637005 , 0.39444283,
       0.3854184 , 0.5055938 , 0.4424077 , 0.4380702 , 0.3846216 ,
       0.5256747 , 0.4454604 , 0.43192378, 0.40226522, 0.42852238,
       0.46628886, 0.43716097, 0.44221106, 0.44571778, 0.47473323,
       0.44467348, 0.47050664, 0.41369814, 0.41088215, 0.36888   ,
       0.36290687, 0.3718431 , 0.38699088, 0.41186827, 0.3784125 ,
       0.36457446, 0.33894074, 0.38603693, 0.4078008 , 0.37455466,
       0.40430155, 0.41230127, 0.36466262, 0.44388014, 0.4188158 ,
       0.44368467, 0.47323325, 0.49409178, 0.40272686, 0.41256174,
       0.43000883, 0.40956536, 0.405136  , 0.38998672, 0.3790278 ,
       0.42751077, 0.41639367, 0.37945816, 0.48323902], dtype=float32), array([0.40914398, 0.45270064, 0.4233961 , 0.3496909 , 0.44162762,
       0.49873447, 0.42329106, 0.51166666, 0.5122452 , 0.4801157 ,
       0.39389727, 0.39195102, 0.3876861 , 0.41204014, 0.3175217 ,
       0.351926  , 0.4720414 , 0.41569218, 0.56848127, 0.41033447,
       0.48578236, 0.41373372, 0.5908521 , 0.38243827, 0.3724974 ,
       0.5305127 , 0.46081913, 0.593683  , 0.41720814, 0.58461946,
       0.45445272, 0.5394186 , 0.36774242, 0.4274883 , 0.37819463,
       0.338003  , 0.3527723 , 0.43661442, 0.38436192, 0.36683518,
       0.31213817, 0.35558593, 0.36211506, 0.4113958 , 0.35063207,
       0.4413619 , 0.50846505, 0.32584685, 0.42660576, 0.39304787,
       0.43945357, 0.40400198, 0.45867088, 0.4722835 , 0.4510535 ,
       0.47618076, 0.44822243, 0.38074332, 0.4259064 , 0.414243  ,
       0.34807715, 0.426234  , 0.37335125, 0.77758986], dtype=float32)]
[]
[]
[array([[[[ 7.79602490e-03,  4.03522216e-02,  4.81832884e-02, ...,
          -5.54073229e-02,  4.91411411e-05,  1.75905954e-02],
         [-3.61067429e-02,  1.86842848e-02, -2.55466010e-02, ...,
          -1.24436812e-02, -3.94966789e-02, -4.36447524e-02],
         [-5.33120520e-03,  6.98152557e-03,  1.16552729e-02, ...,
           2.30515935e-02, -6.06934242e-02,  7.66538223e-03],
         ...,
         [ 1.97219066e-02,  2.09567714e-02, -5.83533011e-02, ...,
          -2.55111866e-02,  2.46186228e-03, -5.77395521e-02],
         [-2.00721379e-02,  2.18011346e-02, -2.60248706e-02, ...,
           1.36424191e-02,  3.52395214e-02,  3.66395935e-02],
         [ 2.24261433e-02,  5.32115251e-02,  5.19587770e-02, ...,
           1.31971925e-03, -1.26285674e-02,  5.29478416e-02]],

        [[ 3.74195501e-02,  4.48612571e-02,  3.21645364e-02, ...,
           4.65284884e-02, -1.49451215e-02, -2.97615342e-02],
         [ 5.47217540e-02, -1.46535458e-02, -7.91108515e-03, ...,
           5.12345647e-03,  2.32836261e-04, -1.77622940e-02],
         [ 4.20766853e-04, -1.83639694e-02,  3.76541330e-03, ...,
           1.58760566e-02, -2.04509273e-02,  3.51365954e-02],
         ...,
         [-5.01128286e-02, -2.40673926e-02, -5.13086282e-02, ...,
          -4.10153493e-02, -3.37456912e-02,  7.52266264e-03],
         [-3.85465857e-04, -1.73465617e-03, -4.87467945e-02, ...,
           3.42899114e-02, -3.57345864e-02,  1.37891872e-02],
         [-3.12427171e-02,  1.74027327e-02,  5.65954763e-03, ...,
           1.00196386e-02, -2.50749160e-02,  3.65762822e-02]],

        [[ 7.40482286e-03,  4.58949916e-02,  3.13684717e-02, ...,
          -2.99166888e-02,  1.06634079e-02, -1.11678075e-02],
         [-5.32265641e-02,  5.81350736e-02,  1.62588172e-02, ...,
          -5.31004369e-02,  1.01256641e-02, -2.90394947e-03],
         [-3.82603668e-02,  1.48095954e-02,  3.63076851e-02, ...,
          -1.91188864e-02,  1.17772184e-02,  4.06065919e-02],
         ...,
         [-9.96926334e-04, -5.53583130e-02, -2.89034862e-02, ...,
           3.47897261e-02, -4.07017395e-02, -3.56471129e-02],
         [ 9.25052259e-03,  4.64203656e-02, -1.92842558e-02, ...,
          -4.02376167e-02, -3.94290425e-02, -1.57212690e-02],
         [-3.61046195e-02,  3.38377394e-02, -5.13659902e-02, ...,
          -4.74282093e-02, -1.47482855e-02, -6.59590866e-03]]],


       [[[-4.35263291e-02,  2.87651494e-02, -8.68183002e-03, ...,
           5.09754345e-02,  4.63003255e-02,  2.23852023e-02],
         [-2.76908074e-02, -4.95719537e-03, -4.29355092e-02, ...,
           2.65636314e-02, -6.35111034e-02, -9.48012434e-03],
         [-1.54090757e-02,  1.06056621e-02, -1.90694854e-02, ...,
           1.20526552e-02,  3.66099626e-02, -3.02338488e-02],
         ...,
         [ 4.22087945e-02,  3.50888185e-02,  8.37616250e-03, ...,
          -3.14429924e-02,  3.20439169e-04,  2.26211846e-02],
         [ 4.71888334e-02,  9.82899033e-03,  5.39394654e-02, ...,
          -4.86596115e-02, -1.98701713e-02, -3.33945005e-04],
         [ 3.12602008e-03, -3.65761779e-02, -2.57379748e-02, ...,
          -9.66096483e-03, -3.42534902e-03,  1.49927987e-02]],

        [[-6.02883957e-02, -7.77546829e-03, -2.83836257e-02, ...,
           5.70632443e-02, -1.30610168e-02, -6.29495904e-02],
         [ 4.19221856e-02,  4.88639697e-02, -2.52444986e-02, ...,
           5.05614839e-02,  4.62124720e-02,  3.19292862e-03],
         [ 4.15839031e-02,  3.37160230e-02, -2.68087294e-02, ...,
           1.34649007e-02, -6.58475980e-03, -1.03032608e-02],
         ...,
         [-2.53032502e-02, -7.61709316e-03,  5.66833839e-02, ...,
           1.39912283e-02,  2.34364942e-02,  1.83201563e-02],
         [ 1.80703253e-02,  5.07592922e-03,  4.00892198e-02, ...,
          -2.99857929e-02,  4.22196500e-02,  3.38156261e-02],
         [-2.79902983e-02,  1.74751803e-02,  8.27698503e-03, ...,
          -4.31402400e-03, -2.74546072e-02,  2.91028172e-02]],

        [[-4.77379076e-02, -4.95515577e-03,  2.79932860e-02, ...,
           1.17764641e-02,  3.21162790e-02,  1.48295164e-02],
         [ 4.67099771e-02, -5.16391359e-02, -2.74345689e-02, ...,
           2.56147739e-02,  1.53992176e-02,  4.59765941e-02],
         [-4.85994518e-02, -2.20005475e-02, -6.79528639e-02, ...,
           3.16361003e-02, -3.56385484e-03,  5.13138436e-02],
         ...,
         [ 2.44084354e-02, -4.16368917e-02,  3.73078510e-02, ...,
          -6.52934145e-03, -5.60018718e-02,  2.38719694e-02],
         [-1.03778997e-02, -2.80233957e-02, -3.04465444e-04, ...,
          -3.65882702e-02, -5.76391704e-02,  1.67146754e-02],
         [-5.32348678e-02,  6.21396676e-03, -5.30795902e-02, ...,
          -4.15530205e-02, -1.35595389e-02, -3.81308012e-02]]],


       [[[ 3.15047130e-02,  4.77711819e-02,  1.10781239e-02, ...,
           4.09114510e-02, -2.32832432e-02, -5.46277985e-02],
         [-2.35721786e-02, -1.19510936e-02,  3.75400633e-02, ...,
           2.44014282e-02,  4.59452420e-02, -5.07296398e-02],
         [ 1.36103043e-02,  1.81365777e-02, -6.11013249e-02, ...,
          -3.61815002e-03,  1.03427051e-02, -2.26526838e-02],
         ...,
         [-4.28786054e-02,  3.24150734e-02,  5.17675169e-02, ...,
           1.03495270e-02, -3.52523960e-02,  4.25718538e-02],
         [ 2.88968012e-02, -1.19346064e-02, -3.83904018e-02, ...,
          -3.81269529e-02,  1.67970490e-02,  3.66485445e-03],
         [-4.87790518e-02, -6.84353523e-03, -2.80269352e-03, ...,
           1.23332825e-03, -5.20944111e-02,  4.75673825e-02]],

        [[ 4.54720017e-03, -4.20494601e-02,  3.85107435e-02, ...,
          -2.69053448e-02, -7.56043708e-03, -4.94173914e-02],
         [-3.14281583e-02,  2.41709501e-02, -1.96128394e-02, ...,
           3.03374566e-02,  2.66229957e-02, -4.91309725e-02],
         [ 4.45036404e-02, -5.64788654e-02, -4.57407162e-03, ...,
          -9.89032816e-03,  3.76757123e-02,  1.70795172e-02],
         ...,
         [-3.79198696e-03, -4.55101207e-02, -2.76033692e-02, ...,
          -5.10850810e-02, -4.58784252e-02, -2.80116918e-03],
         [ 8.43464676e-03,  5.41255474e-02, -3.33393505e-03, ...,
          -6.46991879e-02, -5.75223938e-02,  4.41060998e-02],
         [ 3.05877887e-02, -5.62380515e-02, -1.04237851e-02, ...,
          -5.51439868e-03, -3.20854075e-02, -3.94540653e-02]],

        [[-5.57802385e-03,  2.19140872e-02,  8.94972123e-03, ...,
          -2.72034518e-02,  3.83475907e-02, -1.48724383e-02],
         [ 6.10145815e-02,  5.23021519e-02,  7.81405997e-03, ...,
           2.24336646e-02, -3.51439677e-02, -4.89698388e-02],
         [-3.49553563e-02, -4.98671047e-02,  9.30038106e-04, ...,
           2.31177434e-02,  2.84632631e-02,  6.10132925e-02],
         ...,
         [-3.12532932e-02, -4.98863161e-02, -2.52220556e-02, ...,
           4.27952372e-02, -5.56024797e-02,  9.26133804e-03],
         [ 4.11993675e-02, -4.44677845e-02,  3.07441391e-02, ...,
          -5.68135418e-02, -2.52786949e-02,  2.80244108e-02],
         [-3.97962257e-02,  3.54071222e-02,  2.54536457e-02, ...,
          -6.36314927e-03,  2.46961284e-02, -1.56944264e-02]]]],
      dtype=float32), array([ 0.01101835,  0.00399612,  0.00408273,  0.00017226,  0.00659483,
        0.00560974,  0.00288628, -0.00048817,  0.00241462,  0.00015686,
       -0.00094797,  0.01431707,  0.00528579,  0.00881211,  0.00644975,
        0.01484602,  0.00159223,  0.01121005,  0.01112267,  0.01485666,
        0.00449746,  0.01040413,  0.00867664,  0.00836708,  0.00959682,
        0.00588489,  0.00775176,  0.01001099,  0.00244984,  0.00745289,
        0.0033549 ,  0.00700373, -0.00653123,  0.01678576,  0.00559186,
        0.00471415,  0.01168209,  0.00180152,  0.00409272,  0.00593961,
        0.00983404,  0.00189083,  0.01067586,  0.01090945,  0.00053699,
       -0.00680796,  0.00802236,  0.00499015,  0.00730754,  0.00651824,
        0.00629137,  0.00894545,  0.00789708,  0.0024353 ,  0.00204082,
        0.00913897,  0.00730328,  0.00642597,  0.00171628,  0.00443152,
        0.00638706,  0.00639912,  0.00756162,  0.00994916,  0.00669223,
        0.00328081,  0.00855235,  0.01144949,  0.00814904,  0.01390209,
        0.01620552,  0.00451857,  0.00128625,  0.00171444,  0.00695662,
        0.00216696,  0.0130616 ,  0.00538522, -0.00268564,  0.01768086,
        0.0033679 ,  0.00118921,  0.00710018,  0.01159689,  0.00123551,
        0.00903677,  0.00512525,  0.01022957, -0.00508696,  0.00518169,
        0.01152772,  0.00383233,  0.00326924,  0.00196294, -0.00384591,
        0.00310896,  0.00987069,  0.01268597,  0.01346835,  0.00334613,
        0.00714856,  0.00483428,  0.00459223,  0.00297325,  0.00283635,
        0.00531863,  0.0090598 ,  0.01149212,  0.00718148, -0.00537247,
        0.019966  ,  0.00398032,  0.00678118,  0.0114481 ,  0.01336946,
       -0.00617416,  0.00441788,  0.00237833,  0.00208261, -0.00207057,
        0.00415756,  0.01131754,  0.00473962,  0.0101534 ,  0.00306229,
        0.01468248, -0.00664867,  0.0074877 ], dtype=float32)]
[array([0.9849362 , 0.99746615, 1.0035903 , 1.0097053 , 0.986664  ,
       0.99662   , 0.99237657, 1.0043496 , 1.0066451 , 0.99967724,
       0.9942468 , 0.99920285, 0.9851473 , 0.9991415 , 0.9965574 ,
       1.0101382 , 1.0100983 , 1.0030464 , 0.9997627 , 0.9989775 ,
       1.0033668 , 1.0065743 , 0.9990285 , 0.9964221 , 0.9803459 ,
       0.9994979 , 0.9969399 , 0.99526596, 0.9936812 , 0.9917454 ,
       0.9934518 , 0.99192035, 1.0036625 , 1.0050262 , 0.9933341 ,
       1.0211304 , 0.9999765 , 1.0127306 , 0.9941258 , 0.991218  ,
       0.99834275, 1.0037568 , 1.0022086 , 0.9942844 , 1.0040374 ,
       1.0089741 , 0.9989066 , 1.0074613 , 0.9889069 , 1.0106523 ,
       0.9935704 , 1.0007365 , 1.0002182 , 1.0008438 , 1.0049042 ,
       1.0152106 , 0.98214805, 1.0013319 , 0.9985744 , 1.0197062 ,
       1.0075384 , 0.98991024, 0.9986396 , 1.0033903 , 1.0095481 ,
       0.99083054, 0.99105406, 0.99966294, 1.0081242 , 1.0126995 ,
       0.999037  , 0.98474723, 1.0292825 , 1.0123373 , 0.9958958 ,
       0.99976945, 0.99719286, 0.9955082 , 0.991052  , 1.0114186 ,
       0.97762674, 0.9858836 , 0.9919234 , 0.9927886 , 0.9864625 ,
       1.003433  , 0.9906929 , 1.0222232 , 1.01038   , 0.9986545 ,
       0.99885845, 0.9929157 , 0.9814411 , 0.9936915 , 0.9953554 ,
       1.0021716 , 1.0029788 , 0.99513245, 1.0002862 , 0.9944955 ,
       0.9908793 , 0.9922041 , 0.995215  , 1.0001743 , 0.98678094,
       0.9964099 , 0.9893899 , 1.0068417 , 1.0078188 , 1.0086    ,
       1.0240102 , 0.9953943 , 0.99566436, 0.99665236, 0.9969177 ,
       1.022338  , 0.98326683, 0.9879081 , 0.9974494 , 1.0070409 ,
       1.0087492 , 1.0331898 , 1.0037984 , 0.9953112 , 0.99981886,
       1.0113173 , 1.0119346 , 0.99536026], dtype=float32), array([ 8.64532311e-03, -6.57466240e-03, -1.32614905e-02,  2.31464201e-05,
        8.37959535e-03, -3.40712577e-04,  7.29927421e-03, -1.08991109e-03,
       -6.93158107e-03,  3.89141706e-03,  9.04314406e-03, -1.39176976e-02,
        4.24980139e-03,  8.34561791e-03,  1.20995883e-02,  1.30103370e-02,
       -1.50407506e-02, -5.44807781e-03, -9.19680484e-03, -3.40428087e-03,
        3.47971125e-03, -1.38725284e-02,  1.04878247e-02,  3.98832001e-03,
       -4.44844784e-03,  5.66000538e-03,  4.13076254e-03,  4.16486477e-03,
        4.01685433e-03, -3.36118694e-03, -3.47328861e-03, -1.11986352e-02,
       -1.89521338e-03,  1.05994688e-02,  8.52082111e-03, -1.78359710e-02,
        9.76391719e-04, -1.31872483e-02,  1.06588127e-02, -4.03177785e-03,
       -2.57073389e-03, -7.96313921e-04, -9.82880313e-03,  7.41464086e-03,
       -1.46312891e-02, -9.49412119e-03,  1.21409362e-02, -7.89876096e-03,
        6.82503777e-03, -4.52895043e-03, -4.71007032e-03, -9.49229021e-03,
        4.58259787e-03,  4.00892133e-03, -4.50625923e-03, -5.89752663e-03,
       -2.24409089e-03, -1.13496473e-02,  1.20420137e-03, -7.53740687e-03,
       -4.75739734e-03, -4.57978807e-03,  2.47795135e-03, -1.40244439e-02,
       -9.41287540e-03,  6.84928847e-03, -1.37341744e-03,  5.53830015e-03,
        7.46747199e-03,  1.49513464e-02,  7.36807752e-03,  5.81769459e-03,
        2.32808362e-03, -1.72560569e-02,  3.17888008e-03, -1.39947273e-02,
        1.82803608e-02, -4.54511587e-03, -6.08061487e-03,  4.95096343e-03,
        7.66099431e-03, -9.76552162e-03,  1.45750667e-03, -7.28716236e-03,
        5.83878113e-03,  5.44195110e-03,  2.48139352e-03,  1.10201919e-02,
       -1.08592678e-03, -2.89210188e-03, -1.61309205e-02, -9.25247464e-03,
        8.21878482e-03,  2.15679151e-03,  1.55714191e-02,  1.73792504e-02,
        5.90666477e-03, -1.67197101e-02, -8.53655301e-03, -9.60383750e-03,
        4.67660511e-03, -2.22891080e-03, -2.27731327e-03,  4.10340773e-03,
        6.08654087e-03,  7.52503169e-04,  2.89283623e-03,  7.03819748e-03,
        4.64002107e-04, -1.19791301e-02,  4.83250478e-03, -1.05818119e-02,
       -9.17244889e-03,  4.35679266e-03, -1.08868163e-02,  1.73177337e-04,
       -8.89868289e-03,  1.21009490e-02, -1.59805757e-03,  1.74891984e-03,
        2.89756618e-03, -8.74799956e-03, -1.27944564e-02, -7.42955413e-03,
        3.75905354e-03,  3.47206835e-03,  7.06117507e-03, -1.26392068e-02],
      dtype=float32), array([0.85687506, 1.0957575 , 0.73275006, 0.5591022 , 0.5312312 ,
       0.50625926, 1.0795721 , 0.83315337, 1.6252097 , 0.87800735,
       0.79779804, 0.8507901 , 0.861473  , 0.7856833 , 0.7188605 ,
       1.2604905 , 1.0427581 , 0.54486376, 0.42828795, 0.7999794 ,
       0.3675384 , 1.1796895 , 0.6654661 , 0.9253813 , 0.5344802 ,
       0.8819009 , 0.5435416 , 0.90140647, 0.7120583 , 0.4952803 ,
       1.1282986 , 0.6835035 , 0.81660664, 1.0775852 , 1.1759068 ,
       0.9771086 , 1.2682412 , 0.87108123, 1.0520087 , 0.29622057,
       0.7226761 , 0.93738896, 0.94513077, 1.3259043 , 0.83627594,
       0.5196426 , 1.3646643 , 1.0267946 , 0.9780775 , 1.4966995 ,
       1.0564138 , 0.89419144, 0.8067157 , 1.2468001 , 0.9141051 ,
       0.5943336 , 0.47495708, 0.5829447 , 0.66223025, 0.70941997,
       1.1908983 , 0.52692163, 0.43673527, 0.9082011 , 0.22944239,
       0.45775735, 0.61978096, 0.7014359 , 1.0787383 , 1.4304783 ,
       0.83301586, 0.77656585, 0.6268176 , 0.68862975, 1.6721437 ,
       0.8834645 , 1.1869762 , 0.7095884 , 0.5379034 , 0.66765046,
       0.6406414 , 0.6046065 , 1.1074042 , 0.9796542 , 0.9024956 ,
       0.86943096, 1.1372892 , 1.1097338 , 0.45639166, 0.94531244,
       0.24549568, 0.7108914 , 0.48161876, 0.3146146 , 1.5728323 ,
       1.8468739 , 1.2432737 , 0.6941785 , 1.260395  , 1.0106679 ,
       1.1229786 , 0.89872056, 1.074115  , 1.0103294 , 0.7954785 ,
       0.7961722 , 0.86644477, 0.8864855 , 1.0266399 , 0.40474516,
       0.83743596, 0.87410766, 0.7924819 , 0.8532481 , 0.41116422,
       0.30543905, 0.7492227 , 0.4310789 , 0.69585377, 0.83934575,
       0.9552423 , 0.28845945, 0.33960027, 1.0163933 , 1.4065934 ,
       0.981613  , 0.5005772 , 0.52032876], dtype=float32), array([1.2269366 , 1.5314602 , 1.1352055 , 0.9751665 , 0.6504828 ,
       0.8873152 , 1.784073  , 1.5236852 , 2.781082  , 1.3589836 ,
       1.3034614 , 1.4685732 , 1.3523052 , 1.3322052 , 1.1197768 ,
       2.127721  , 2.0723112 , 0.7613858 , 0.6467583 , 1.0652851 ,
       0.46845657, 1.8092896 , 1.1202672 , 1.7325704 , 0.6802907 ,
       1.6483182 , 0.7390116 , 1.474274  , 1.1675562 , 0.7106845 ,
       1.9527817 , 0.9992049 , 1.8703395 , 1.4825258 , 1.7149009 ,
       1.4339108 , 1.8353591 , 1.7439011 , 1.6724265 , 0.46106932,
       1.0777385 , 1.4737903 , 1.5497715 , 1.8311821 , 1.3754174 ,
       0.8621942 , 2.2446733 , 1.6095834 , 1.2290702 , 2.4729764 ,
       1.720532  , 1.3700405 , 1.0674307 , 2.2346425 , 1.3950462 ,
       1.2620947 , 0.65726817, 1.12491   , 1.1317188 , 1.2870418 ,
       1.7773135 , 0.8499481 , 0.8223085 , 1.5324086 , 0.3425317 ,
       0.6833069 , 0.9191834 , 1.1909456 , 1.5155092 , 2.1547825 ,
       1.312551  , 1.3578494 , 1.406649  , 1.2105811 , 2.2473903 ,
       1.2090458 , 1.7886896 , 1.0406797 , 0.9493205 , 1.1109182 ,
       0.9355964 , 1.0004855 , 1.9511858 , 1.5171516 , 1.4936429 ,
       1.4005618 , 1.8583797 , 1.9278463 , 0.75696373, 1.4864192 ,
       0.32631493, 1.1886744 , 0.6722871 , 0.38300633, 2.559033  ,
       2.751856  , 1.8529938 , 0.9595393 , 2.3617578 , 1.7717313 ,
       2.1082852 , 1.5045171 , 1.5506208 , 1.4885007 , 1.2830827 ,
       1.1796576 , 1.381621  , 1.6899366 , 1.4403061 , 0.75302804,
       1.3764018 , 1.3285133 , 1.2181516 , 1.3191618 , 0.6232301 ,
       0.50116074, 1.0865544 , 0.6837325 , 1.2598324 , 1.5305277 ,
       1.5396967 , 0.48083907, 0.44909698, 1.8414122 , 2.2614715 ,
       1.7484837 , 0.864096  , 0.71074146], dtype=float32)]
[array([[[[-0.0303775 , -0.02663386, -0.0336101 , ...,  0.04926847,
          -0.04560846,  0.02642767],
         [-0.02630823, -0.04493653, -0.0424752 , ...,  0.02160183,
          -0.03595787,  0.02510799],
         [ 0.03990865,  0.01875388,  0.00526737, ..., -0.03861694,
           0.00888515, -0.01291146],
         ...,
         [-0.00275293,  0.03633757, -0.0183704 , ..., -0.01204821,
           0.00038828,  0.00638673],
         [ 0.03940634,  0.01844724, -0.00178735, ...,  0.0486505 ,
           0.01378913, -0.04440342],
         [ 0.02694617, -0.02930144,  0.02334396, ..., -0.01647372,
          -0.02040926, -0.00935004]],

        [[ 0.02758689,  0.01837287,  0.05213669, ...,  0.00389736,
           0.02120069,  0.02503259],
         [-0.02774105,  0.03301356,  0.04727313, ...,  0.03790483,
           0.00699148,  0.01129319],
         [-0.03957365, -0.02056427,  0.0004281 , ..., -0.04782707,
          -0.04411705, -0.00832907],
         ...,
         [ 0.03364995,  0.022445  , -0.03478033, ..., -0.05768766,
          -0.00554126, -0.02588692],
         [ 0.0012159 , -0.03373596,  0.02707705, ...,  0.05053142,
          -0.02230496,  0.0168236 ],
         [-0.00549896,  0.01053684,  0.02514197, ...,  0.02959062,
          -0.02491369,  0.00156437]],

        [[-0.02079724, -0.00135645, -0.045231  , ...,  0.02893428,
          -0.01347895, -0.04798784],
         [-0.04098431, -0.00208093,  0.05280508, ..., -0.02006341,
          -0.03514712,  0.01890872],
         [-0.03098009, -0.02567968, -0.03494633, ..., -0.01753306,
          -0.00410388, -0.03609794],
         ...,
         [-0.05641319,  0.0186681 , -0.04703947, ...,  0.04736276,
          -0.03766149, -0.01141178],
         [ 0.05159216, -0.02207121,  0.04686361, ...,  0.01634829,
           0.0394587 ,  0.01824524],
         [ 0.04842927, -0.01799374,  0.01895865, ..., -0.03758162,
          -0.04828072,  0.02205189]]],


       [[[-0.03287764, -0.02499848, -0.04485389, ...,  0.01415998,
           0.00327854, -0.01803863],
         [-0.03060425,  0.0322701 ,  0.00423025, ..., -0.05493478,
           0.03102382, -0.00163363],
         [ 0.01504853, -0.00758739, -0.03222001, ..., -0.04247121,
          -0.01160039, -0.02738417],
         ...,
         [-0.0137404 ,  0.00256899,  0.05118064, ..., -0.00686839,
          -0.04275308, -0.00476402],
         [-0.00869422,  0.05400539,  0.0207079 , ...,  0.03537917,
          -0.02132734, -0.01088365],
         [ 0.0470869 ,  0.04304144, -0.05372539, ...,  0.01907679,
          -0.02878326, -0.02657078]],

        [[-0.04437866,  0.03191127, -0.04312204, ..., -0.0432939 ,
           0.03156695,  0.02761915],
         [-0.01699257,  0.0390761 , -0.01667862, ..., -0.01842314,
           0.03385513, -0.03980287],
         [-0.03884599, -0.00614267, -0.03247315, ..., -0.03597088,
           0.00665068,  0.01713327],
         ...,
         [-0.02355999, -0.00089967,  0.03258818, ...,  0.03117878,
          -0.04206154, -0.0356046 ],
         [-0.003872  ,  0.02801532, -0.00380892, ...,  0.05899391,
           0.0003754 , -0.02578843],
         [ 0.01411355,  0.03395802, -0.02040808, ...,  0.00512964,
           0.02194339,  0.05252568]],

        [[-0.00959745, -0.03965551,  0.0505858 , ...,  0.05102152,
           0.03933863,  0.03143558],
         [-0.02077598, -0.01664861, -0.00160493, ...,  0.02174962,
           0.03096985,  0.01097672],
         [ 0.0421492 , -0.00876768, -0.01081251, ..., -0.03308408,
           0.00086456, -0.03269436],
         ...,
         [-0.01381972,  0.01505727,  0.03905284, ...,  0.02488964,
          -0.00894134, -0.03026498],
         [ 0.00172223,  0.04253506,  0.0502044 , ...,  0.02316782,
           0.0233806 , -0.0031321 ],
         [-0.01457309, -0.02142614, -0.0117112 , ..., -0.0265476 ,
           0.0012597 , -0.02043547]]],


       [[[ 0.01711427,  0.01848797,  0.02794942, ..., -0.00041844,
           0.03992187, -0.01074511],
         [-0.00459137,  0.02581128,  0.02952021, ..., -0.01465552,
          -0.01565017, -0.01631003],
         [ 0.00448366, -0.02776896, -0.0177617 , ...,  0.00505304,
           0.0036258 , -0.03377595],
         ...,
         [ 0.00217297, -0.04318028, -0.04846277, ..., -0.05469468,
          -0.03182389, -0.0246419 ],
         [ 0.02550803, -0.04723343,  0.00592856, ..., -0.03350738,
          -0.02303649, -0.01756593],
         [-0.0269148 ,  0.03286484, -0.04144861, ..., -0.04145748,
           0.04005542, -0.04659489]],

        [[ 0.03059444, -0.02735758, -0.01777148, ..., -0.00053571,
           0.02626412,  0.02069308],
         [ 0.02400846, -0.00229691, -0.03820922, ...,  0.01355375,
           0.00650139,  0.03609359],
         [-0.04325648, -0.02291011, -0.02945801, ...,  0.02597056,
           0.03081124,  0.0153604 ],
         ...,
         [-0.04981123,  0.0155155 ,  0.01664866, ...,  0.01604803,
          -0.02898941,  0.01165506],
         [-0.02291697,  0.00193399,  0.02743306, ..., -0.00748715,
           0.0411114 ,  0.00718417],
         [-0.0426925 ,  0.03744506, -0.04018374, ...,  0.01345475,
          -0.01387088,  0.054789  ]],

        [[-0.01290177, -0.01412611,  0.00761764, ..., -0.03324529,
          -0.01221208, -0.02087394],
         [ 0.04169917, -0.02869513,  0.01327513, ...,  0.02006868,
           0.04969618,  0.01918441],
         [ 0.0100175 ,  0.03071377,  0.05031828, ...,  0.04827835,
           0.03568944,  0.05097717],
         ...,
         [ 0.02579218, -0.00793092, -0.00624207, ...,  0.02076073,
          -0.02228275, -0.00921058],
         [ 0.02611152,  0.04190788, -0.00229852, ...,  0.04444173,
          -0.04410987, -0.02508288],
         [-0.02599529,  0.04070771,  0.04139633, ..., -0.0453354 ,
           0.00895723, -0.01886305]]]], dtype=float32), array([-3.58671509e-03, -1.57159399e-02,  1.85292168e-03,  2.15829513e-03,
        1.10019771e-02, -1.30603313e-02, -1.33355977e-02,  9.83974617e-03,
       -7.40857935e-03,  3.45775951e-03, -6.07282855e-03,  5.00032678e-03,
        9.02552903e-03, -5.46540646e-03, -3.36655043e-03, -7.08381832e-03,
        8.17464665e-04, -6.00949978e-04, -3.52762028e-04,  1.13843090e-03,
        1.16094770e-02, -1.46054174e-03, -1.54413451e-02,  1.40005490e-02,
       -1.26303744e-03, -1.62371192e-02,  5.11086686e-03,  8.60613957e-03,
       -1.10440492e-03,  7.59564165e-04,  1.32978661e-03, -1.78077666e-03,
        5.54420613e-03, -4.52846568e-03, -1.27257332e-02,  7.78055401e-04,
       -1.16265435e-02,  3.83995567e-03,  4.51326865e-04, -4.37692553e-03,
       -6.66744867e-03,  6.81427628e-06,  6.29429938e-03, -1.67722494e-04,
        1.31372167e-02,  5.51263150e-03, -2.44633807e-03,  6.22028904e-03,
       -4.33036359e-03,  6.60673995e-03,  7.21946871e-03,  1.27524091e-03,
        3.77191172e-04,  6.00315211e-03,  5.83370635e-03, -1.36243608e-02,
       -1.65845826e-03, -8.72062240e-03, -1.33357738e-04, -2.09079986e-03,
       -8.52934027e-04,  1.14144571e-02,  3.18379165e-03, -6.23887870e-03,
       -3.15140537e-03,  2.51409272e-03,  1.33440457e-02, -1.15624536e-02,
       -1.83754731e-02, -6.48828689e-03,  7.28013227e-03,  1.45989992e-02,
        3.04660643e-03,  6.90115429e-03,  1.27458973e-02,  1.71467673e-03,
        4.07396303e-03, -1.18996343e-02, -2.46513938e-03,  4.20674542e-03,
       -1.16555078e-03, -2.56107980e-03, -1.33637097e-02, -1.57340686e-03,
        3.31112696e-03,  3.25391465e-03, -2.86510633e-03,  2.87193526e-03,
       -5.18669328e-03, -3.63688939e-03, -1.73299317e-03,  4.45928564e-03,
        9.78070660e-04, -5.94431441e-03,  5.77475294e-04, -1.09648127e-02,
        8.56389571e-03, -1.30428793e-03, -6.29633991e-03,  9.00578033e-03,
        6.62860041e-03,  1.59854703e-02, -2.06977432e-03, -9.99889243e-03,
        7.91711733e-03, -1.11897020e-02, -1.27375489e-02,  1.49618825e-02,
       -1.71514489e-02, -3.17609840e-04,  2.94499192e-03, -1.02303189e-03,
       -3.12137883e-03, -3.89317080e-04,  4.85858042e-03, -1.27482251e-03,
        8.40080809e-03, -1.64360902e-03,  8.88649002e-03,  1.36709660e-02,
        6.12887600e-03,  9.03576519e-03,  6.89335866e-03, -3.83618940e-03,
       -2.09880597e-03,  9.83385183e-03,  2.87698582e-03,  5.34894736e-03],
      dtype=float32)]
[array([1.0050606 , 1.0053295 , 1.0055997 , 0.98324966, 0.98883325,
       1.0139496 , 1.008021  , 1.0016078 , 1.0052248 , 0.98678887,
       1.0126696 , 1.0027645 , 0.98628575, 1.0029533 , 1.0021185 ,
       1.0205829 , 1.0049131 , 0.9896732 , 1.0102136 , 0.9986733 ,
       0.9892524 , 0.99795246, 1.0091316 , 0.9833004 , 1.0015273 ,
       1.0242676 , 0.9960847 , 0.99077535, 1.0010053 , 0.99026674,
       1.0067009 , 1.0006477 , 1.0028735 , 1.0046098 , 0.99930483,
       1.0013207 , 1.0039303 , 1.001569  , 0.99264187, 1.0029403 ,
       0.99923146, 0.9936504 , 0.9995686 , 0.9990611 , 0.9954338 ,
       0.9866702 , 0.99519044, 0.9953945 , 1.0052985 , 0.9838658 ,
       0.99443144, 0.98817587, 1.0088028 , 1.0005449 , 1.005011  ,
       1.0108926 , 0.99286693, 1.0061686 , 1.0021205 , 0.99807703,
       0.9985831 , 0.99492097, 0.9998124 , 1.0082773 , 0.99358016,
       1.0001612 , 0.9973504 , 1.009168  , 1.001751  , 0.9858763 ,
       0.99050736, 0.9851736 , 1.0002066 , 1.00436   , 0.99625504,
       0.99785805, 0.99206877, 1.0130652 , 1.0057982 , 1.0046071 ,
       0.994901  , 1.0018601 , 1.0273955 , 0.9870313 , 0.99217534,
       1.0011625 , 0.9986849 , 0.99550265, 1.0137513 , 1.0029268 ,
       0.99921113, 0.99454445, 1.0038573 , 1.0071614 , 0.9988235 ,
       0.9964779 , 0.99364275, 1.0082556 , 1.0030167 , 0.98553103,
       1.0014422 , 0.98863393, 1.0055404 , 1.0053629 , 0.99095684,
       1.0177048 , 0.9961119 , 1.0056057 , 1.0107784 , 1.0002599 ,
       0.99274075, 1.0046666 , 1.0019358 , 1.0083103 , 0.9971737 ,
       0.99614275, 0.99797606, 0.9976618 , 0.99352145, 0.9899528 ,
       1.0017481 , 0.9866175 , 0.9985465 , 0.9992419 , 0.99194807,
       1.0033585 , 0.9927935 , 1.0063528 ], dtype=float32), array([-0.00620214, -0.01718442, -0.0097441 , -0.02185315, -0.01280146,
       -0.00690986, -0.00691326, -0.01893492, -0.01666733, -0.02717392,
       -0.01868633, -0.00732612, -0.00981734, -0.02024271, -0.004904  ,
       -0.02167448, -0.01031589, -0.01202979, -0.0001569 , -0.01840117,
       -0.01386559, -0.01289545, -0.01838952, -0.00473637, -0.01682056,
       -0.01308956, -0.00788295, -0.01198339, -0.0153417 , -0.03415323,
        0.00915421, -0.01982426, -0.00543536, -0.02214512, -0.01121359,
       -0.01202359, -0.01745034, -0.01259823, -0.01917275, -0.00959986,
       -0.01931776, -0.01572257, -0.01577477, -0.01803872, -0.00725458,
       -0.01955837, -0.00942414, -0.00951207, -0.0181019 , -0.02919084,
       -0.01664636,  0.00037036, -0.01272003, -0.00937876, -0.00538698,
       -0.01279612, -0.01513142, -0.01499774, -0.01251523,  0.00106108,
       -0.01467822, -0.01392851, -0.01345009, -0.00885744, -0.00956204,
       -0.01300018, -0.00915675, -0.01393491, -0.02947311, -0.02723439,
       -0.01444603, -0.00867823, -0.00819607, -0.00918762, -0.00797159,
       -0.01456448, -0.00363502, -0.01248429, -0.01485235, -0.0021125 ,
       -0.0151379 , -0.00791834, -0.02068726, -0.01751785, -0.01528284,
       -0.00811142, -0.02131766, -0.0149082 , -0.0121742 , -0.01325984,
       -0.01429454, -0.00792573, -0.00801711, -0.01101851, -0.01998688,
       -0.0151903 , -0.0033192 , -0.01642532, -0.00856749, -0.016125  ,
       -0.01098118, -0.02898785, -0.01557475, -0.02780276,  0.00133672,
       -0.01115283, -0.01608796, -0.00581231, -0.01329496, -0.01167598,
       -0.01598637, -0.01657042, -0.02037663, -0.02830621, -0.01761165,
       -0.01672505, -0.00308159, -0.0107216 , -0.01650213, -0.0131862 ,
       -0.01352289, -0.00906773, -0.00561344, -0.01240907, -0.01454158,
       -0.01681567, -0.01585229, -0.00199229], dtype=float32), array([0.48137274, 0.48278728, 0.45344266, 0.47009075, 0.5268274 ,
       0.51644516, 0.48191822, 0.42582345, 0.4551465 , 0.6153842 ,
       0.43232054, 0.46381867, 0.43777284, 0.44713482, 0.47016904,
       0.5573192 , 0.4361379 , 0.41557762, 0.51957035, 0.52490526,
       0.47380388, 0.40651712, 0.58753043, 0.48003197, 0.4008819 ,
       0.45451608, 0.43867925, 0.48350784, 0.4125689 , 0.40418273,
       0.49240726, 0.46569642, 0.43280086, 0.4427756 , 0.58835423,
       0.4497755 , 0.60581005, 0.47371927, 0.46238112, 0.4694033 ,
       0.5141527 , 0.40103713, 0.47469178, 0.48143396, 0.4740159 ,
       0.47613183, 0.5454627 , 0.47505453, 0.43657854, 0.5112678 ,
       0.46284786, 0.42193764, 0.5281393 , 0.4400947 , 0.44499567,
       0.48302466, 0.38922548, 0.5124951 , 0.48008794, 0.40922987,
       0.4538204 , 0.50626653, 0.52781093, 0.4847002 , 0.47535887,
       0.44220677, 0.46729982, 0.51877457, 0.51169235, 0.5041365 ,
       0.47854277, 0.4597879 , 0.44245052, 0.5431899 , 0.44018248,
       0.5502967 , 0.47702634, 0.4919289 , 0.41672307, 0.4478975 ,
       0.47523922, 0.47291112, 0.4728831 , 0.503874  , 0.38812327,
       0.41921687, 0.48490146, 0.5177832 , 0.5454004 , 0.4584851 ,
       0.46771708, 0.45853356, 0.42172658, 0.55622685, 0.5342779 ,
       0.47640452, 0.40557733, 0.51470834, 0.5201418 , 0.44738436,
       0.42996085, 0.45995766, 0.44551295, 0.4708642 , 0.43882   ,
       0.5183136 , 0.5115036 , 0.47915232, 0.4342487 , 0.4069947 ,
       0.4460313 , 0.4464547 , 0.46231982, 0.55246305, 0.46204197,
       0.4709075 , 0.449658  , 0.4699489 , 0.48680872, 0.4418558 ,
       0.47045916, 0.44290814, 0.42207488, 0.5528409 , 0.47471705,
       0.49137172, 0.48371354, 0.40308183], dtype=float32), array([0.45344242, 0.5717042 , 0.541228  , 0.767707  , 0.5291364 ,
       0.5153633 , 0.54063934, 0.42619488, 0.4763221 , 1.2035209 ,
       0.45831805, 0.406486  , 0.3821727 , 0.47068042, 0.50921804,
       0.77229404, 0.43562385, 0.550625  , 0.6620804 , 0.74947184,
       0.5660966 , 0.39951766, 0.62992406, 0.65710187, 0.38682866,
       0.5818683 , 0.41514593, 0.42190507, 0.39798293, 0.43778953,
       0.4101581 , 0.6153699 , 0.3908296 , 0.47977614, 0.99700326,
       0.50828356, 1.0466799 , 0.5349216 , 0.55727303, 0.4490287 ,
       0.7569164 , 0.3754469 , 0.57439154, 0.69601524, 0.44546285,
       0.5138218 , 0.7392655 , 0.406191  , 0.50427663, 0.5755848 ,
       0.60851145, 0.48399523, 0.62956744, 0.38961473, 0.40960386,
       0.6264288 , 0.44003022, 0.65076673, 0.4671393 , 0.40374276,
       0.6564306 , 0.49894932, 0.7992487 , 0.6196851 , 0.57450074,
       0.45616964, 0.44566643, 0.6733977 , 0.76752   , 0.62395   ,
       0.5099616 , 0.40483743, 0.41090208, 0.74978924, 0.45095143,
       0.5381515 , 0.5278579 , 0.55514956, 0.42576444, 0.48866314,
       0.6758284 , 0.45699155, 0.50842404, 0.7858707 , 0.3644088 ,
       0.43617302, 0.6361224 , 0.8224876 , 0.92842066, 0.45178974,
       0.49435216, 0.42150134, 0.44994107, 0.6912994 , 0.7146569 ,
       0.6895443 , 0.38934886, 0.5117845 , 0.5144238 , 0.4121106 ,
       0.4386151 , 0.5905151 , 0.49259597, 0.6268486 , 0.46785682,
       0.5576914 , 0.91624093, 0.5003141 , 0.5671934 , 0.35773933,
       0.41670972, 0.44733444, 0.57481384, 0.8671857 , 0.60581106,
       0.42428097, 0.57858473, 0.68688774, 0.65498894, 0.47333458,
       0.6332727 , 0.39583337, 0.40976092, 1.0522183 , 0.60965145,
       0.51848495, 0.46967265, 0.4000867 ], dtype=float32)]
[]
[]
[]
[array([[-0.00676436, -0.02881894, -0.02321268, ...,  0.05222501,
        -0.03210513, -0.01651874],
       [ 0.03211071, -0.03019949, -0.04703512, ...,  0.01944943,
        -0.00576981,  0.03821587],
       [-0.00230441, -0.0384903 ,  0.01915918, ...,  0.02862451,
         0.02390234,  0.00394396],
       ...,
       [ 0.04298256, -0.02432151, -0.05517397, ..., -0.01887592,
         0.05155813, -0.02798086],
       [ 0.0482873 , -0.01500598, -0.0474007 , ..., -0.01962454,
         0.01059682,  0.00142825],
       [ 0.04206396, -0.00358876,  0.0225766 , ...,  0.04121286,
         0.05145494,  0.03806097]], dtype=float32), array([-2.42411252e-03,  3.00339367e-02,  2.89953663e-03,  1.26499245e-02,
        8.09964404e-05, -9.35585238e-03,  1.42755900e-02,  8.94554425e-03,
       -2.26748269e-03,  1.31274620e-02,  8.05861130e-03, -8.95655528e-03,
       -1.72621105e-02,  4.60868841e-03,  1.37483859e-02, -3.38416663e-03,
       -8.96228570e-03,  1.10393176e-02,  1.17303077e-02, -2.40766164e-02,
        1.51943893e-03,  1.44284153e-02, -1.57263670e-02,  1.28873335e-02,
        2.32008891e-03,  8.80115759e-03, -8.31341464e-03,  1.00617753e-02,
        1.05116861e-02,  1.23833502e-02,  2.31955815e-02,  1.60828959e-02,
       -7.80934887e-03,  5.97249297e-03,  7.72087928e-03,  2.04123277e-03,
        1.37603916e-02, -8.40793923e-03, -1.20985284e-02,  6.94491901e-03,
       -2.02863384e-03,  6.09145826e-03,  3.93687189e-03, -1.03435144e-02,
        2.02433132e-02, -1.19535755e-02,  1.14967404e-02, -2.36995006e-03,
        2.06684992e-02,  7.66796805e-03, -1.76797397e-02, -1.33650461e-02,
        8.90448410e-03,  9.26113222e-03,  2.88059656e-02,  3.77893355e-03,
        1.18606072e-02,  6.81659719e-03,  2.93147638e-02, -1.97050604e-03,
        1.64113520e-03, -1.80595182e-02,  3.12562175e-02,  3.64496559e-03,
       -1.61244906e-02,  1.26486421e-02, -1.91337441e-03,  4.74453392e-03,
        2.14080559e-03, -8.34097038e-04,  1.40947020e-02, -2.62762723e-03,
       -1.54435867e-02,  3.14708948e-02,  2.93312082e-03,  2.62729283e-02,
        8.59178230e-03,  9.31351352e-03,  5.78892231e-03,  5.19972900e-03,
        1.98489637e-03,  7.88350217e-03,  3.74792074e-03, -2.95909611e-03,
       -1.50549132e-02, -1.12381706e-03,  2.01180507e-03, -9.35951155e-03,
        1.08135082e-02,  4.76950896e-04, -5.90355368e-03,  3.84378294e-03,
        2.65635159e-02,  8.10060650e-03, -1.66532136e-02,  2.64700446e-02,
        1.24003487e-02, -5.97386574e-03,  1.36761367e-03, -7.63083156e-03,
        1.56829301e-02,  1.29563520e-02,  4.49769432e-03, -7.13873329e-03,
       -8.68284702e-03, -7.28470972e-04,  1.52674876e-02,  5.47280814e-03,
        1.10817375e-02,  6.98433816e-03, -5.82356378e-03,  1.07338633e-02,
       -3.07543646e-03, -6.43069623e-03, -1.42181944e-03,  3.16577926e-02,
       -2.51227198e-03, -1.26691675e-03, -9.55325086e-03,  1.74634140e-02,
        1.26244621e-02, -1.17905368e-03,  1.17452387e-02,  1.32860765e-02,
        1.43598830e-02, -9.19916376e-04, -3.80805274e-03, -2.33828486e-03],
      dtype=float32)]
[array([0.9092484 , 0.9195307 , 0.92471623, 0.90148115, 0.89798856,
       0.9284125 , 0.926268  , 0.8835894 , 0.9801402 , 0.9094368 ,
       0.92876315, 0.91502887, 0.89088166, 0.9025879 , 0.9204008 ,
       0.91320336, 0.89173096, 0.929515  , 0.9304997 , 0.91483384,
       0.9382037 , 0.90305185, 0.9509335 , 0.89436793, 0.8975482 ,
       0.90309644, 0.9256248 , 0.89450526, 0.9090777 , 0.89191484,
       0.93546546, 0.91698676, 0.88491136, 0.89755934, 0.8912091 ,
       0.8899687 , 0.9186618 , 0.9001282 , 0.9639146 , 0.8872703 ,
       0.91297513, 0.8641728 , 0.8917683 , 0.89652723, 0.9176465 ,
       0.9403815 , 0.89720935, 0.88493246, 0.9001367 , 0.89792836,
       0.91026616, 0.9245396 , 0.8860814 , 0.909055  , 0.8964522 ,
       0.8983582 , 0.8997389 , 0.93344885, 0.90137905, 0.88382244,
       0.9153549 , 0.9656777 , 0.8826492 , 0.88817185, 0.8997781 ,
       0.9425127 , 0.9507958 , 0.9104938 , 0.9012859 , 0.89556307,
       0.89082235, 0.91920316, 0.9430653 , 0.87834316, 0.9536977 ,
       0.886198  , 0.92512757, 0.90906906, 0.9619034 , 0.90630263,
       0.8830199 , 0.9190951 , 0.9094382 , 0.90465224, 0.92418313,
       0.92078227, 0.9422932 , 0.8909455 , 0.92464864, 0.9031215 ,
       0.9112216 , 0.9082327 , 0.8700918 , 0.9340963 , 0.94691104,
       0.8965108 , 0.9170155 , 0.91125244, 0.8925494 , 0.9272867 ,
       0.89286625, 0.94853866, 0.89200366, 0.91439986, 0.89336246,
       0.8929696 , 0.8950583 , 0.89372385, 0.90036905, 0.87534714,
       0.89715683, 0.9655502 , 0.92886424, 0.91071296, 0.91175944,
       0.8769513 , 0.9115939 , 0.89274466, 0.91085494, 0.88312185,
       0.89706975, 0.8838839 , 0.8780038 , 0.87674075, 0.9046375 ,
       0.88051444, 0.8912376 , 0.89020884], dtype=float32), array([-0.01321906,  0.03830405, -0.00719943,  0.04038492,  0.02845305,
       -0.04493929,  0.05993081,  0.05439933, -0.06973927,  0.01288008,
        0.03237037, -0.01802734,  0.00011536,  0.03083321,  0.0322231 ,
        0.01038082, -0.02440512,  0.02823641,  0.06210285, -0.01081103,
       -0.01196096,  0.00261104,  0.04443647, -0.00986451,  0.02392471,
       -0.00118574,  0.02507638,  0.01232918,  0.0240759 ,  0.04832509,
       -0.01325661,  0.02318323,  0.05133862,  0.01869711, -0.01813312,
        0.07013232,  0.01014038, -0.01850546, -0.01018905, -0.01835235,
        0.05888902,  0.0288599 ,  0.03248743, -0.00386571, -0.01383355,
        0.00526247,  0.03289228,  0.01698918,  0.07073375, -0.02662101,
        0.01263011, -0.01782189,  0.00010557,  0.03720713,  0.02682281,
        0.03585718, -0.00385588,  0.07266819, -0.03843068,  0.01150807,
        0.01032957,  0.04262571,  0.03814304,  0.01415148,  0.04151984,
       -0.03832059,  0.0318155 ,  0.02619377,  0.08270435,  0.00493139,
        0.05925149,  0.01459685, -0.01682502,  0.06076969, -0.02306483,
        0.02103577, -0.01045436, -0.04107799, -0.01137811, -0.04939285,
        0.0046255 , -0.03202538,  0.05202852,  0.01340742,  0.00892097,
        0.03399731, -0.00908859,  0.04667463, -0.02837482,  0.04679075,
       -0.03703131,  0.03023217, -0.01418233, -0.00439558, -0.01222731,
        0.03266182, -0.03381161,  0.03299977,  0.04731996, -0.00278474,
        0.02913824, -0.00151504, -0.02357605,  0.05300984,  0.03507769,
        0.01605775, -0.00140329,  0.00976464, -0.00774983, -0.00371863,
        0.00772958, -0.03622136,  0.02508824,  0.04979598,  0.04214319,
        0.03847555,  0.0027508 ,  0.00192772,  0.05111711,  0.02019328,
        0.00412614,  0.06301567,  0.07127762,  0.01908489, -0.00690725,
        0.00272575,  0.01360487, -0.03519297], dtype=float32), array([3.3951411e+00, 3.9316680e+00, 3.9068706e+00, 3.4701097e+00,
       5.7832915e-01, 2.2340615e+00, 1.3400534e+00, 1.2238665e+00,
       2.2720368e+00, 3.5776265e+00, 2.4183073e+00, 1.1001952e+00,
       1.8590195e+00, 3.0090947e+00, 1.2051630e+00, 2.0821283e+00,
       1.5407112e+00, 1.1692871e+00, 2.4346585e+00, 2.0067325e+00,
       3.3709505e+00, 3.6136484e+00, 3.2705787e-04, 3.2564018e+00,
       4.8157873e+00, 4.4384766e+00, 3.5477591e+00, 3.9378731e+00,
       2.2828116e+00, 1.4976001e+00, 4.4490161e+00, 4.4423881e+00,
       1.1284374e+00, 2.7174728e+00, 3.5601604e+00, 3.1823983e+00,
       2.2735944e+00, 1.7846290e+00, 3.7835754e-04, 6.2568903e+00,
       1.3802944e+00, 9.6916646e-01, 5.6682072e+00, 1.4193054e+00,
       3.3060217e+00, 5.8190674e-01, 2.5376809e+00, 3.6262399e-01,
       4.6689329e+00, 3.8909400e+00, 6.8878013e-01, 5.9628165e-01,
       3.4070024e+00, 9.3012553e-01, 3.3529360e+00, 3.3802384e-01,
       4.4274430e+00, 1.4834720e+00, 6.7112908e+00, 2.7839713e+00,
       1.7214593e+00, 9.0152542e-05, 5.5415769e+00, 1.2624229e+00,
       5.7916611e-04, 3.3119285e+00, 4.0949860e+00, 2.7590988e+00,
       1.6323766e+00, 2.9918954e+00, 4.6213245e+00, 2.4589374e+00,
       1.1568391e+00, 3.0919616e+00, 3.4861183e+00, 3.2277255e+00,
       3.7710168e+00, 4.1189499e+00, 4.6353626e+00, 4.8870730e+00,
       7.8116876e-01, 4.2244496e+00, 2.4325473e+00, 3.4808273e+00,
       8.4291726e-01, 1.0170642e+00, 4.0794506e+00, 2.4111419e+00,
       4.2525973e+00, 5.7802266e-01, 3.9015284e+00, 2.4181075e+00,
       3.7412629e+00, 1.7444848e+00, 1.2841663e+00, 4.8634186e+00,
       4.9941134e+00, 1.8067902e+00, 2.2275915e+00, 1.8014989e+00,
       2.7368395e+00, 1.6078585e+00, 2.8272533e+00, 1.9241914e+00,
       1.4697729e+00, 2.8423066e+00, 4.0152726e+00, 5.5672278e+00,
       4.4565616e+00, 3.8656485e+00, 1.6473117e+00, 3.2343857e+00,
       1.5537548e+00, 1.4043345e-01, 3.5423098e+00, 4.4243569e+00,
       5.0733668e-01, 2.8543062e+00, 1.2569799e+00, 4.5520277e+00,
       3.2669022e+00, 1.7396750e+00, 3.9481599e+00, 4.3091593e+00,
       5.7801824e+00, 2.1350110e+00, 1.9678452e+00, 3.2993855e+00],
      dtype=float32), array([1.4116297e+01, 1.2637452e+01, 1.6794102e+01, 9.3359528e+00,
       1.7167991e+00, 1.1258558e+01, 4.3467531e+00, 4.6452780e+00,
       1.1721135e+01, 1.2420774e+01, 6.7880378e+00, 5.4124184e+00,
       1.2552488e+01, 7.7370100e+00, 3.9307325e+00, 8.2794495e+00,
       8.0423841e+00, 4.4078307e+00, 8.2113533e+00, 1.1842837e+01,
       2.1338121e+01, 1.1208532e+01, 6.6566467e-04, 7.9835963e+00,
       1.6258390e+01, 1.4741983e+01, 1.3552029e+01, 1.1877784e+01,
       5.9907398e+00, 4.9674926e+00, 9.4976063e+00, 1.0133716e+01,
       5.4832978e+00, 8.6046982e+00, 1.1162515e+01, 9.0005770e+00,
       6.0050583e+00, 9.2456465e+00, 4.6148634e-04, 1.5148750e+01,
       5.0166168e+00, 3.7115743e+00, 1.5574055e+01, 4.4146805e+00,
       1.1092368e+01, 2.4647219e+00, 6.0895071e+00, 1.2954453e+00,
       1.2358965e+01, 9.6206741e+00, 2.8907740e+00, 2.8841693e+00,
       1.1075525e+01, 3.0503781e+00, 8.1356087e+00, 1.0678763e+00,
       1.2529344e+01, 5.4980040e+00, 2.1995396e+01, 1.1477797e+01,
       7.4337511e+00, 6.3421088e-05, 1.3683394e+01, 3.4516764e+00,
       6.4330339e-04, 9.9613295e+00, 1.8172192e+01, 9.1541481e+00,
       5.5087414e+00, 1.1730016e+01, 1.4094512e+01, 9.5615730e+00,
       5.3819284e+00, 9.8158579e+00, 9.7873106e+00, 9.4370289e+00,
       1.0749315e+01, 1.7992014e+01, 1.6857531e+01, 1.9673609e+01,
       2.8781466e+00, 1.6851097e+01, 1.0663981e+01, 1.6587652e+01,
       3.5509267e+00, 4.2146020e+00, 2.2745531e+01, 1.1380172e+01,
       1.5874913e+01, 1.8876857e+00, 2.2771303e+01, 1.0408524e+01,
       1.0409174e+01, 5.3291821e+00, 5.3920588e+00, 1.2054791e+01,
       1.3693280e+01, 8.2757168e+00, 7.5941372e+00, 9.3982620e+00,
       7.6962299e+00, 4.6263890e+00, 9.7925081e+00, 7.5833712e+00,
       5.4156094e+00, 1.1498581e+01, 1.0991557e+01, 1.7331713e+01,
       1.2700086e+01, 1.2208567e+01, 6.3389764e+00, 9.5401878e+00,
       6.9978967e+00, 4.2351231e-01, 1.2801957e+01, 1.0969712e+01,
       1.9498990e+00, 1.2965907e+01, 4.9326129e+00, 1.3596848e+01,
       9.8049116e+00, 7.3397517e+00, 1.0952975e+01, 1.1171328e+01,
       1.9912880e+01, 8.2246284e+00, 7.3239031e+00, 1.2580714e+01],
      dtype=float32)]
[]
[array([[-0.0053613 ,  0.14439   , -0.12538491, ..., -0.05040147,
        -0.05207412,  0.0746659 ],
       [-0.05528907, -0.15041804,  0.0134577 , ...,  0.12058281,
        -0.10181703, -0.09738802],
       [ 0.12450987,  0.1606907 , -0.00208697, ..., -0.0867396 ,
         0.14237556, -0.02898231],
       ...,
       [ 0.14794256,  0.10981935, -0.08931273, ...,  0.02716835,
         0.01715426, -0.08218668],
       [-0.03202082,  0.03913786, -0.03989263, ..., -0.11585055,
         0.06990269,  0.06567082],
       [-0.08329945,  0.11607511,  0.04028398, ..., -0.01329932,
         0.10569155, -0.05392408]], dtype=float32), array([ 0.00880518, -0.06054535,  0.07707336,  0.03698922,  0.04560354,
        0.0083111 , -0.01643259, -0.0231296 , -0.05681462, -0.02704852],
      dtype=float32)]
[array([[-0.0053613 ,  0.14439   , -0.12538491, ..., -0.05040147,
        -0.05207412,  0.0746659 ],
       [-0.05528907, -0.15041804,  0.0134577 , ...,  0.12058281,
        -0.10181703, -0.09738802],
       [ 0.12450987,  0.1606907 , -0.00208697, ..., -0.0867396 ,
         0.14237556, -0.02898231],
       ...,
       [ 0.14794256,  0.10981935, -0.08931273, ...,  0.02716835,
         0.01715426, -0.08218668],
       [-0.03202082,  0.03913786, -0.03989263, ..., -0.11585055,
         0.06990269,  0.06567082],
       [-0.08329945,  0.11607511,  0.04028398, ..., -0.01329932,
         0.10569155, -0.05392408]], dtype=float32), array([ 0.00880518, -0.06054535,  0.07707336,  0.03698922,  0.04560354,
        0.0083111 , -0.01643259, -0.0231296 , -0.05681462, -0.02704852],
      dtype=float32)]