-6.15735054e-02 -3.86390053e-02  1.57318816e-01 -5.67554347e-02 -8.19833577e-03 -9.61894393e-02  1.00190967e-01  5.56514151e-02 -3.15078795e-02 -5.81492633e-02 -3.53071839e-02  6.98619783e-02
  3.21457982e-02 -6.33172467e-02  9.78818834e-02  1.38386726e-01 -1.04699962e-01 -1.02155976e-01 -8.55559707e-02  1.05456308e-01  5.41515239e-02  6.38759211e-02 -9.76159498e-02 -1.93452798e-02
 -5.19452579e-02  8.28439444e-02 -5.51043712e-02 -6.64705783e-03 -2.90040411e-02  1.49341211e-01 -8.38393196e-02 -1.07636824e-01 -4.74893413e-02 -6.41625980e-03 -9.53401923e-02  1.31938770e-01
 -1.19262367e-01 -2.75612418e-02  8.96252841e-02  7.88225234e-02 -9.61732790e-02  7.31926188e-02 -4.63326909e-02 -4.01910208e-02  7.02710971e-02 -1.44645190e-02 -8.16461146e-02 -1.02367941e-02
  2.43927054e-02  1.10737339e-03 -1.00613542e-01  9.46543813e-02  1.12245567e-01 -1.04270145e-01  5.38421050e-02  1.17581598e-01 -1.98305352e-03  1.93105359e-02  9.92261246e-02  6.59143627e-02
 -9.34323072e-02 -1.18143477e-01 -4.08444032e-02  5.58921546e-02  3.44856717e-02 -1.28369734e-01  3.45348231e-02  8.79001319e-02 -1.24976657e-01 -5.77572100e-02 -9.14521217e-02  7.25648552e-02
 -9.44754109e-02 -9.84489247e-02  9.48519409e-02 -1.27653673e-01 -3.74230440e-03  7.98641741e-02  7.63958460e-03 -2.16639563e-02 -5.90136684e-02 -6.47030324e-02 -1.00325577e-01  9.44335014e-02
 -4.66040373e-02 -1.81361400e-02  1.33680895e-01  2.92272530e-02 -1.04051627e-01 -2.01631095e-02  1.00313202e-01 -7.75375292e-02 -1.23369567e-01 -3.29856761e-02 -1.47906542e-01  1.04095548e-01
  7.36899301e-02  1.04520954e-01  5.50456084e-02  9.71077830e-02 -1.14588708e-01 -1.04753124e-02 -4.46021371e-02 -1.62173714e-03  1.37017652e-01  3.63063402e-02 -6.23557195e-02 -6.56641573e-02
  4.86961044e-02 -1.06757008e-01  7.54598230e-02 -5.22783063e-02 -5.30215688e-02 -5.23695275e-02 -3.17594185e-02  1.18155912e-01  1.26920030e-01 -9.40705314e-02  1.03871964e-01  1.28472969e-01
 -1.29648596e-01  1.02627203e-01 -9.17212367e-02 -1.55859534e-02  4.58064266e-02  4.91620041e-02 -7.26377293e-02 -2.94701327e-02 -8.57416391e-02 -6.86020404e-02  8.00268799e-02 -1.82240959e-02
 -8.24045911e-02 -7.05570877e-02 -1.29580870e-01 -4.70176451e-02  9.76477638e-02 -8.82514473e-03 -1.48145437e-01 -7.69370841e-03  2.69601028e-02  3.50914635e-02  1.15600906e-01 -2.56686676e-02
  2.39770003e-02 -1.17960200e-01 -7.07353130e-02  6.40706718e-02 -5.82537428e-02 -4.63252626e-02  1.15177939e-02 -6.16222732e-02 -1.15034066e-01 -1.43516481e-01 -6.40458763e-02  4.13905038e-03
  3.82972620e-02  1.30162418e-01  1.30149752e-01  9.71325487e-02 -4.30648029e-03 -1.22100234e-01 -7.68028200e-02  2.59926310e-03 -3.79858986e-02  4.43672482e-03 -9.14036669e-03  9.44013074e-02
 -2.99183279e-02  4.65543792e-02  2.32331883e-02  6.27462044e-02 -1.02932192e-01  7.57273734e-02  4.83124144e-02  5.84729239e-02  7.49702677e-02 -7.07235336e-02  1.01298302e-01 -1.45458654e-01
  1.24725573e-01 -1.51323855e-01 -6.54183626e-02  3.72610763e-02  9.53119546e-02 -3.90625698e-03 -2.85594631e-02 -1.79095007e-02 -2.25688778e-02  2.66963765e-02 -1.38078928e-01 -9.61452723e-02
  6.00049570e-02 -8.89896005e-02 -5.35355657e-02 -3.03316936e-02  3.80025320e-02 -9.90818441e-02 -5.96970059e-02 -7.72721171e-02  8.18819031e-02  5.66343293e-02  7.52821490e-02 -5.48552722e-02
 -5.56966141e-02  4.04399857e-02  3.91353816e-02  7.03109279e-02 -1.50795817e-01  6.15651980e-02  1.05667263e-01  1.23827927e-01 -4.80451100e-02 -4.68381085e-02 -1.09517246e-01  1.41674001e-02
  1.46298945e-01  2.10294947e-02 -3.44050280e-03 -6.50400389e-03  1.62827000e-01 -8.22328553e-02 -3.05819176e-02  2.34918818e-02 -1.21113248e-01 -1.09502777e-01  1.18675651e-02 -2.17930377e-02
 -3.05167641e-02  1.64542493e-04 -8.84324238e-02 -7.92471394e-02  4.13236246e-02  6.88247904e-02  1.08643272e-03 -3.90711054e-02 -5.09482250e-02  1.24233402e-01  1.38159409e-01 -1.56502172e-01
 -4.33003046e-02  1.26375630e-01  4.32359986e-02  8.00565928e-02 -1.17013060e-01  5.30410223e-02  1.40645310e-01 -3.36389057e-02  3.29505950e-02 -5.78053854e-02 -2.79933531e-02 -8.19224492e-02
  1.14178676e-02  5.46943070e-03  6.81437030e-02 -1.51689621e-02  3.99908051e-02  2.20977701e-02 -1.23690099e-01 -8.87118652e-02  4.85566370e-02  5.14953509e-02 -9.65702254e-03 -1.05966628e-01
  3.89273721e-03  1.20553978e-01 -1.12480506e-01 -1.30301779e-02  1.32075578e-01  6.13144152e-02  6.91788420e-02 -8.31287801e-02  7.16645271e-02  1.31905273e-01 -6.13600686e-02  1.20983906e-01
  6.36310428e-02  8.78391117e-02  2.12617517e-02 -4.92287129e-02 -7.12259635e-02 -5.96738793e-02  9.77271497e-02 -1.28824666e-01  1.35606341e-03 -7.38975555e-02 -2.26941742e-02 -9.06605497e-02
 -8.98481607e-02  1.78540889e-02  9.52333212e-02 -6.45664036e-02  7.62402117e-02 -5.64775877e-02 -6.19236678e-02 -1.16516106e-01  8.82495642e-02 -1.15381172e-02 -2.41451059e-02 -9.65657830e-03
 -2.39586961e-02 -3.72903794e-02  1.71166942e-01 -1.98355466e-02 -1.62188321e-01 -7.58643746e-02  1.72191393e-02 -1.00928314e-01 -8.73562694e-02  7.00897202e-02  2.60868799e-02 -9.14378613e-02
 -8.30906928e-02 -8.21306109e-02 -1.06335282e-01  5.25282323e-02 -7.57535920e-02  4.88541089e-02  1.29100323e-01  9.34472084e-02 -7.92523399e-02 -3.45501229e-02  7.35726953e-02 -8.91702250e-02
 -8.06197077e-02  7.91843086e-02  1.11882407e-02  1.15300370e-02  6.40785843e-02  9.89121795e-02 -6.77319197e-03 -1.30622342e-01 -8.19864422e-02 -6.12906814e-02  4.26511280e-02 -6.80493936e-02
  2.88196411e-02  1.39244854e-01  2.41283025e-03  1.17437251e-01  1.24759525e-01 -9.58120450e-02  6.97855577e-02 -1.17614418e-01  1.09223202e-01 -9.02919397e-02  1.28873467e-01 -3.58486511e-02
 -5.43481968e-02 -7.10792094e-02 -8.20286199e-02  5.87841943e-02  1.34684576e-03  1.05218574e-01 -1.75846860e-01 -3.34524773e-02  1.19006708e-01  6.07254580e-02  4.85072955e-02  6.32454408e-03
 -1.53242916e-01  1.06586345e-01 -8.03139433e-02 -3.84204602e-03 -7.53169581e-02  4.50900421e-02 -7.73424953e-02  2.89319400e-02  8.07709321e-02 -8.80208015e-02 -7.56374970e-02  7.00514391e-02
 -3.47138532e-02  1.66962538e-02  1.22798771e-01  6.48893192e-02 -3.40932002e-03 -5.42230122e-02  1.71167422e-02 -5.60096875e-02 -1.20149804e-02 -2.86729950e-02 -1.10032476e-01 -4.01731543e-02
  6.88340962e-02 -3.22523378e-02  4.83719334e-02 -9.48239341e-02 -1.48542434e-01  1.15212627e-01  5.42236026e-03 -1.45614624e-01 -1.27564460e-01 -4.19592373e-02  2.89564021e-02  2.96870265e-02
 -9.25436690e-02  9.11936909e-02  1.03382900e-01 -8.33514035e-02 -5.39448969e-02 -9.81348194e-03 -1.05188511e-01 -8.64769295e-02  1.04406260e-01 -1.08194246e-03  4.79122363e-02 -1.15380988e-01
 -2.15011332e-02  4.27067503e-02  7.37638995e-02 -1.49480179e-02  3.18100154e-02 -7.45919198e-02 -2.01672420e-01 -2.74712313e-02  2.01704632e-03  8.42817798e-02 -1.12334915e-01 -1.24309957e-01
 -1.18965991e-01 -1.16816372e-01  1.46689750e-02  5.09656034e-02 -1.18499741e-01 -1.11350454e-02 -1.08113877e-01 -6.66441396e-02 -1.42845199e-01 -1.18230112e-01 -1.37050763e-01  1.12910405e-01
  1.31984189e-01 -7.75227249e-02  5.96390218e-02 -2.10407712e-02 -2.15975661e-03  3.96910720e-02 -8.80970135e-02 -8.39299560e-02 -1.32947834e-02 -2.46340185e-02  3.67820030e-03  1.09314710e-01
 -1.19322695e-01 -9.76993963e-02  1.40568279e-02  8.90297145e-02  1.14110619e-01 -1.83983356e-01  1.32977143e-01 -8.10331330e-02  3.39643173e-02 -7.47974664e-02  1.49525572e-02 -1.10104114e-01
 -9.80138779e-02 -8.91313702e-02 -1.66073024e-01  6.36920407e-02  3.92249264e-02  2.41438616e-02  7.43311942e-02  1.02726057e-01 -9.61558074e-02 -1.15319513e-01 -8.39666929e-03 -1.05261728e-01
  8.45852587e-03  1.43586591e-01  6.07510991e-02 -1.55326966e-02  1.04036793e-01  2.04163678e-02  2.20256275e-03 -1.12627208e-01  1.01470776e-01  1.23048551e-01  1.30589411e-01 -4.53229435e-02
  1.40299842e-01 -1.14643224e-01  1.01055913e-01 -2.96306834e-02  5.20989671e-02 -1.18944913e-01  6.31639734e-02  6.82498366e-02 -1.38099678e-03  7.45071694e-02  4.68949135e-03  2.66392417e-02
 -5.43055534e-02 -8.09857901e-03  5.12743648e-03 -7.96792656e-02  7.35995322e-02  2.92544253e-02 -6.96173385e-02  3.12892273e-02  9.28767323e-02  7.28400275e-02 -1.28587440e-01 -1.55053750e-01
 -1.11464642e-01  9.57106799e-02  1.76333077e-02 -8.53474364e-02  1.34475037e-01  7.91138709e-02 -9.14025903e-02 -2.67708153e-02 -5.92133589e-02  2.36516129e-02 -1.09515369e-01  1.36378258e-01
 -5.04498109e-02  9.79177430e-02 -5.31117283e-02 -9.97756273e-02 -8.89458731e-02  1.07196830e-01 -1.03263319e-01 -9.52515826e-02 -9.00379121e-02  1.51587784e-01 -1.26840845e-01 -9.25128832e-02
  2.43542455e-02 -1.09882638e-01 -8.23415443e-03  1.03155993e-01  7.84473047e-02 -1.85111046e-01  1.12738768e-02 -5.82831632e-03 -6.26765788e-02 -1.67172756e-02  4.71023768e-02  2.99025537e-03
 -2.60530561e-02  1.14233345e-01 -6.67717233e-02  2.78413948e-02  1.41284913e-01 -9.18351188e-02 -9.59957466e-02 -4.32726666e-02 -9.65119749e-02 -1.21877328e-01  4.94992770e-02 -9.06684920e-02
  2.50530206e-02  1.19084716e-01 -1.30528033e-01  1.04315929e-01  5.17075583e-02  8.93844888e-02  1.07841827e-01  1.18930243e-01 -2.07035113e-02 -2.15786304e-02 -1.01185478e-01 -1.07565448e-01
 -9.44956094e-02  1.13471344e-01 -3.78168859e-02 -6.43570861e-03 -9.33361501e-02 -2.93596089e-03 -3.00287809e-02  6.75315261e-02 -2.87260837e-03  9.06152725e-02  7.01138154e-02  4.98869345e-02
  3.55155542e-02 -1.51395760e-02 -5.07288873e-02 -8.29589218e-02  1.15483426e-01  6.37501851e-02 -9.68911499e-02  5.44687547e-02 -1.34863794e-01  6.60519376e-02 -1.07710965e-01  1.21730238e-01
 -8.72245729e-02 -6.10155053e-02 -2.60611027e-02 -2.03326195e-02  3.52722965e-02  4.75575663e-02 -7.36215189e-02 -3.01254243e-02 -1.14822209e-01 -9.91517007e-02  1.68014616e-02 -1.27241418e-01
  2.69180443e-02 -3.60347331e-02  6.08304031e-02  1.00494318e-01  5.04397526e-02  7.97080100e-02  1.71387792e-02  4.18824218e-02 -1.04464665e-01 -8.48709643e-02  9.70878527e-02  7.18527660e-02
  6.19122460e-02  1.30224213e-01  1.25031784e-01  4.50054519e-02  1.22308753e-01  4.96271718e-03 -5.66604398e-02 -1.52703166e-01 -1.34333730e-01 -3.31598446e-02 -8.19675997e-02  2.84592360e-02
 -1.73302609e-02 -1.63941737e-02  3.54411639e-02  6.81202039e-02 -6.61048740e-02  8.14072192e-02 -1.80181991e-02  1.42524481e-01 -6.10899366e-02  8.71703252e-02 -1.05203010e-01  3.30987363e-03
  5.43949157e-02 -2.02785376e-02 -1.08087383e-01 -6.82677403e-02 -4.01237719e-02  1.23405248e-01 -8.24429393e-02 -1.15963861e-01  5.81946969e-02 -1.10709354e-01  4.77766395e-02  5.56046292e-02
 -1.45548344e-01 -1.68861106e-01 -1.19019032e-01 -8.66697580e-02 -6.92028105e-02  1.09740496e-01  6.02249391e-02 -7.74218887e-02  9.94379073e-02 -1.12063758e-01 -1.29294470e-01 -2.42484882e-02
 -2.05083210e-02 -3.48029882e-02  1.15989096e-01  3.69970724e-02 -7.72396624e-02 -1.22456014e-01 -9.22318250e-02  1.69308446e-02  2.16715434e-03 -4.96833213e-02 -6.38860017e-02  8.32309723e-02
  2.25693872e-03 -3.67600024e-02  1.39721587e-01 -1.16155736e-01 -6.28986657e-02 -8.46741423e-02  8.02401453e-02  6.66467473e-02  1.94676139e-03  5.46779558e-02  1.49286687e-01 -1.30266860e-01
 -3.61246727e-02  3.63828093e-02 -9.40073729e-02  4.36038971e-02  1.20393962e-01  7.01197162e-02 -5.14419675e-02 -1.70550011e-02  1.36713786e-02 -5.54111646e-03 -4.59396727e-02 -7.65970200e-02
 -3.09483595e-02  1.31578609e-01  8.23340192e-02 -6.29943609e-02 -3.48411761e-02  9.57111362e-03 -3.52306999e-02  9.01957303e-02  4.19120938e-02  9.76993814e-02 -1.14310890e-01  2.39803479e-03
 -1.14526235e-01 -1.71548892e-02 -4.62596007e-02 -9.31854919e-02 -8.32995400e-02 -2.73338556e-02  1.40664741e-01  1.28826946e-01 -4.60284948e-02  1.42114460e-01 -5.67557774e-02  7.45530892e-03
 -8.30156058e-02  1.11961640e-01  3.70053798e-02  1.99351572e-02 -7.87295327e-02  5.31357042e-02 -7.21278191e-02 -4.04657833e-02 -1.20320678e-01 -9.81555358e-02 -6.45032898e-02  5.74764349e-02
 -4.05650996e-02 -5.86762466e-02 -3.87452841e-02 -1.97824761e-01  5.71260452e-02 -9.74454880e-02 -1.73597172e-01 -3.08514442e-02  4.03803401e-02 -6.13943040e-02  4.51310501e-02 -2.56917294e-04
 -7.96935707e-02 -3.78147848e-02 -3.59916128e-02 -1.91314936e-01  1.38264641e-01  1.30715277e-02  5.29731363e-02  4.44772467e-02  9.77733172e-03  2.35636979e-02  9.35335457e-02 -1.77842528e-02
 -3.56854114e-04 -1.28171399e-01 -2.21400317e-02  7.71823376e-02  1.18138798e-01 -1.56407002e-02  1.11876428e-01 -1.51653126e-01  6.57061785e-02  7.05386028e-02 -1.36635816e-02  4.96224053e-02
 -1.41090259e-01 -4.06508259e-02  3.94675471e-02  8.40722844e-02 -6.83263168e-02  8.31127986e-02  9.52386856e-02 -2.90254336e-02 -7.59953707e-02  1.21536544e-02  7.18840212e-02 -3.20282727e-02
 -1.02203444e-01 -6.36397973e-02  1.29231915e-01 -1.26949223e-02 -1.30044371e-01 -3.14871371e-02 -5.83534874e-02 -4.44938103e-03  1.14990935e-01  7.12675601e-02 -6.18968010e-02 -2.08130144e-02
  1.14242621e-01  1.51296318e-01  9.81196538e-02  2.18058005e-02  3.47506218e-02 -1.20633077e-02 -1.01310693e-01 -5.86218834e-02  4.81381044e-02 -6.15460686e-02 -7.15027824e-02 -9.89605933e-02
 -6.17979094e-02  8.88749287e-02 -1.37216195e-01  1.06459744e-01  1.18991435e-02  4.82429266e-02 -6.58397451e-02 -7.61108622e-02 -2.28820723e-02 -1.74842123e-02 -9.11092535e-02  1.18585087e-01
  1.34081513e-01 -7.90978670e-02 -7.98950940e-02  6.20886460e-02 -3.99473533e-02  4.97460142e-02 -7.24690966e-03  8.30015764e-02  8.78570452e-02 -1.08770043e-01 -7.01453835e-02  9.77516919e-02
  1.28222974e-02  2.21836753e-02  5.14606945e-03  8.37085694e-02  3.55517976e-02  6.97234869e-02  8.18785559e-03  4.40075658e-02 -1.25987917e-01  8.97534788e-02  6.20962195e-02 -9.32796597e-02
  1.43294573e-01 -2.49840636e-02 -1.31247655e-01  8.50439668e-02 -8.16577822e-02 -9.07149613e-02  2.25307196e-02 -9.69243944e-02  7.23262355e-02 -2.29224730e-02  5.71079887e-02  1.25643626e-01
  1.40005548e-03 -5.79135381e-02  8.89437795e-02 -1.00787789e-01 -9.43350270e-02  9.91784036e-02  3.94157246e-02 -9.77711156e-02  2.46343743e-02 -5.25671020e-02 -7.25851208e-02  1.28959432e-01
